2.11087
9.51175
10.51175
10.51175
9.51175
10.51175
8.18982
7.51175
6.11944
5.65377
6.81131
10.51175
8.92679
10.51175
10.51175
10.51175
8.18982
8.51175
10.51175
9.51175
8.92679
10.51175
8.51175
8.92679
10.51175
8.92679
10.51175
10.51175
10.51175
10.51175
9.51175
10.51175
10.51175
7.18982
8.92679
10.51175
10.51175
10.51175
10.51175
10.51175
9.51175
8.92679
8.51175
9.51175
10.51175
9.51175
8.51175
10.51175
9.51175
10.51175
10.51175
10.51175
10.51175
10.51175
9.51175
7.70440
10.51175
8.92679
10.51175
8.92679
9.51175
10.51175
10.51175
10.51175
9.51175
10.51175
9.51175
9.51175
7.05232
7.18982
3.73039
10.51175
10.51175
4.18982
10.51175
8.92679
10.51175
10.51175
1.63831
9.51175
9.51175
10.51175
7.51175
10.51175
8.92679
10.51175
10.51175
10.51175
10.51175
10.51175
10.51175
9.51175
6.81131
9.51175
10.51175
10.51175
10.51175
10.51175
6.05232
9.51175
10.51175
10.51175
9.51175
10.51175
10.51175
10.51175
9.51175
9.51175
10.51175
10.51175
10.51175
8.51175
9.51175
7.92679
10.51175
9.51175
5.92679
9.51175
10.51175
10.51175
10.51175
10.51175
7.18982
10.51175
10.51175
10.51175
10.51175
8.18982
9.51175
9.51175
8.18982
8.51175
10.51175
10.51175
10.51175
10.51175
5.65377
10.51175
10.51175
9.51175
10.51175
10.51175
10.51175
8.18982
10.51175
8.92679
10.51175
9.51175
9.51175
9.51175
6.70440
5.30230
9.51175
7.34183
10.51175
9.51175
8.18982
6.60486
10.51175
10.51175
10.51175
10.51175
8.92679
10.51175
10.51175
10.51175
10.51175
10.51175
9.51175
7.18982
5.92679
6.05232
8.18982
7.70440
10.51175
10.51175
10.51175
7.70440
7.51175
10.51175
10.51175
10.51175
10.51175
10.51175
10.51175
10.51175
6.81131
10.51175
10.51175
10.51175
10.51175
9.51175
10.51175
5.26383
7.70440
10.51175
9.51175
7.34183
8.92679
10.51175
10.51175
10.51175
9.51175
10.51175
10.51175
8.51175
10.51175
10.51175
6.34183
9.51175
10.51175
10.51175
5.92679
7.18982
10.51175
8.92679
10.51175
10.51175
10.51175
10.51175
10.51175
10.51175
7.51175
10.51175
10.51175
10.51175
9.51175
10.51175
10.51175
10.51175
10.51175
9.51175
8.51175
8.51175
9.51175
10.51175
10.51175
10.51175
10.51175
10.51175
4.98819
7.92679
10.51175
10.51175
8.92679
9.51175
10.51175
10.51175
10.51175
10.51175
10.51175
10.51175
8.92679
9.51175
9.51175
8.92679
10.51175
10.51175
10.51175
8.92679
7.05232
5.81131
10.51175
6.34183
7.70440
8.92679
8.92679
8.51175
10.51175
8.51175
10.51175
10.51175
9.51175
9.51175
10.51175
6.92679
7.92679
9.51175
10.51175
8.51175
10.51175
10.51175
10.51175
10.51175
7.34183
9.51175
10.51175
10.51175
10.51175
10.51175
10.51175
6.92679
10.51175
10.51175
10.51175
10.51175
5.01990
10.51175
9.51175
8.92679
7.51175
9.51175
9.51175
10.51175
10.51175
7.70440
5.75687
7.70440
10.51175
10.51175
10.51175
10.51175
9.51175
5.08549
8.51175
10.51175
10.51175
10.51175
10.51175
10.51175
10.51175
10.51175
10.51175
10.51175
10.51175
8.18982
10.51175
10.51175
10.51175
8.51175
9.51175
8.18982
10.51175
10.51175
10.51175
10.51175
10.51175
10.51175
7.92679
7.51175
9.51175
6.42429
9.51175
10.51175
10.51175
10.51175
9.51175
10.51175
10.51175
10.51175
10.51175
10.51175
10.51175
9.51175
9.51175
9.51175
10.51175
10.51175
10.51175
10.51175
5.46736
7.92679
10.51175
8.18982
9.51175
9.51175
6.81131
10.51175
10.51175
6.92679
9.51175
10.51175
10.51175
10.51175
9.51175
10.51175
10.51175
9.51175
10.51175
10.51175
7.92679
10.51175
10.51175
7.92679
8.92679
4.53447
6.81131
10.51175
8.51175
6.81131
8.51175
9.51175
8.18982
9.51175
8.18982
10.51175
10.51175
9.51175
8.92679
7.34183
10.51175
10.51175
10.51175
9.51175
10.51175
8.92679
10.51175
8.92679
10.51175
10.51175
10.51175
6.92679
10.51175
9.51175
8.51175
9.51175
10.51175
10.51175
10.51175
10.51175
10.51175
10.51175
9.51175
10.51175
6.42429
10.51175
9.51175
10.51175
7.70440
8.92679
8.92679
10.51175
10.51175
10.51175
8.92679
8.18982
10.51175
10.51175
10.51175
10.51175
9.51175
10.51175
10.51175
10.51175
5.60486
8.92679
7.51175
10.51175
10.51175
8.92679
10.51175
8.51175
10.51175
8.92679
9.51175
8.92679
10.51175
8.18982
7.05232
10.51175
8.51175
10.51175
8.92679
10.51175
10.51175
8.92679
9.51175
5.81131
10.51175
10.51175
10.51175
10.51175
10.51175
10.51175
7.18982
10.51175
4.83933
10.51175
8.92679
10.51175
10.51175
10.51175
10.51175
10.51175
10.51175
10.51175
7.34183
7.34183
10.51175
10.51175
10.51175
10.51175
10.51175
8.51175
9.51175
9.51175
10.51175
10.51175
9.51175
10.51175
9.51175
10.51175
10.51175
10.51175
9.51175
10.51175
10.51175
7.70440
8.92679
10.51175
6.11944
10.51175
10.51175
10.51175
10.51175
10.51175
10.51175
9.51175
8.18982
8.92679
8.18982
5.98819
8.18982
9.51175
8.92679
10.51175
10.51175
10.51175
10.51175
10.51175
8.51175
10.51175
10.51175
9.51175
10.51175
10.51175
8.51175
9.51175
8.51175
10.51175
10.51175
9.51175
10.51175
10.51175
8.92679
9.51175
9.51175
9.51175
10.51175
10.51175
10.51175
8.18982
10.51175
9.51175
10.51175
6.70440
10.51175
10.51175
10.51175
10.51175
7.05232
10.51175
9.51175
9.51175
9.51175
9.51175
6.05232
10.51175
10.51175
5.81131
7.05232
10.51175
10.51175
10.51175
10.51175
10.51175
10.51175
10.51175
10.51175
10.51175
9.51175
9.51175
9.51175
8.51175
9.51175
10.51175
10.51175
9.51175
10.51175
6.81131
8.51175
10.51175
10.51175
10.51175
10.51175
10.51175
6.70440
8.18982
7.92679
9.51175
5.86790
9.51175
7.05232
9.51175
10.51175
9.51175
9.51175
10.51175
8.51175
10.51175
10.51175
10.51175
10.51175
9.51175
8.92679
8.92679
9.51175
7.92679
7.92679
10.51175
9.51175
10.51175
8.18982
7.34183
8.51175
9.51175
10.51175
10.51175
9.51175
10.51175
10.51175
10.51175
8.92679
8.92679
10.51175
10.51175
10.51175
9.51175
9.51175
9.51175
10.51175
8.18982
4.83933
10.51175
9.51175
10.51175
10.51175
10.51175
10.51175
10.51175
10.51175
10.51175
10.51175
10.51175
10.51175
10.51175
10.51175
8.51175
8.51175
8.18982
7.70440
10.51175
7.92679
9.51175
10.51175
10.51175
10.51175
9.51175
10.51175
9.51175
10.51175
10.51175
10.51175
10.51175
10.51175
10.51175
10.51175
10.51175
9.51175
7.05232
8.92679
8.92679
10.51175
9.51175
10.51175
9.51175
10.51175
8.92679
8.92679
10.51175
10.51175
10.51175
8.51175
8.51175
7.34183
7.51175
9.51175
8.18982
10.51175
8.92679
10.51175
10.51175
8.92679
10.51175
10.51175
8.92679
10.51175
10.51175
7.70440
9.51175
10.51175
10.51175
10.51175
2.61693
10.51175
10.51175
10.51175
9.51175
9.51175
7.92679
10.51175
9.51175
8.92679
8.92679
10.51175
8.18982
9.51175
10.51175
10.51175
9.51175
7.92679
10.51175
8.92679
10.51175
5.86790
10.51175
10.51175
10.51175
10.51175
10.51175
10.51175
8.18982
10.51175
10.51175
10.51175
7.18982
8.18982
8.92679
10.51175
10.51175
9.51175
6.92679
10.51175
9.51175
8.92679
6.92679
10.51175
10.51175
10.51175
10.51175
9.51175
10.51175
10.51175
10.51175
10.51175
9.51175
8.92679
8.51175
10.51175
10.51175
10.51175
8.92679
10.51175
10.51175
10.51175
8.92679
9.51175
10.51175
8.92679
10.51175
8.92679
6.26383
7.18982
9.51175
10.51175
10.51175
8.51175
10.51175
7.92679
8.51175
10.51175
10.51175
10.51175
10.51175
8.51175
10.51175
7.51175
10.51175
10.51175
10.51175
10.51175
10.51175
10.51175
10.51175
10.51175
10.51175
10.51175
9.51175
8.92679
10.51175
7.70440
10.51175
10.51175
8.92679
10.51175
9.51175
8.92679
10.51175
8.92679
7.70440
10.51175
10.51175
10.51175
8.51175
6.92679
8.51175
8.51175
8.92679
10.51175
8.51175
9.51175
5.98819
10.51175
8.51175
10.51175
10.51175
10.51175
10.51175
10.51175
8.18982
10.51175
8.51175
10.51175
10.51175
7.92679
10.51175
10.51175
10.51175
10.51175
8.51175
2.21713
9.51175
10.51175
10.51175
5.42429
10.51175
10.51175
7.18982
4.60486
10.51175
10.51175
10.51175
8.92679
10.51175
8.92679
10.51175
10.51175
7.18982
7.70440
10.51175
10.51175
9.51175
10.51175
8.92679
10.51175
8.18982
8.18982
2.36201
9.51175
10.51175
10.51175
10.51175
8.92679
9.51175
9.51175
10.51175
10.51175
9.51175
7.92679
10.51175
10.51175
10.51175
8.92679
10.51175
10.51175
9.51175
10.51175
9.51175
7.92679
10.51175
10.51175
10.51175
10.51175
9.51175
10.51175
6.81131
10.51175
10.51175
8.18982
10.51175
10.51175
7.92679
10.51175
6.92679
8.92679
10.51175
10.51175
8.51175
10.51175
6.81131
10.51175
9.51175
10.51175
10.51175
10.51175
10.51175
7.70440
10.51175
8.92679
9.51175
10.51175
9.51175
6.92679
7.92679
10.51175
10.51175
10.51175
8.92679
8.92679
6.26383
10.51175
9.51175
10.51175
10.51175
10.51175
6.18982
5.65377
9.51175
10.51175
10.51175
10.51175
10.51175
10.51175
10.51175
10.51175
7.92679
8.92679
7.70440
8.92679
10.51175
10.51175
6.70440
10.51175
8.92679
8.92679
10.51175
10.51175
10.51175
10.51175
9.51175
5.70440
7.34183
6.11944
10.51175
10.51175
7.34183
8.92679
10.51175
10.51175
10.51175
10.51175
9.51175
10.51175
9.51175
10.51175
8.51175
8.51175
10.51175
10.51175
10.51175
10.51175
9.51175
10.51175
9.51175
7.92679
6.60486
4.00396
2.71085
10.51175
8.18982
10.51175
10.51175
9.51175
5.38247
10.51175
8.51175
8.92679
10.51175
10.51175
7.70440
8.51175
10.51175
4.67886
7.92679
9.51175
7.70440
10.51175
10.51175
8.92679
9.51175
10.51175
10.51175
10.51175
10.51175
10.51175
9.51175
6.05232
10.51175
10.51175
10.51175
9.51175
10.51175
10.51175
10.51175
8.51175
8.92679
9.51175
10.51175
8.18982
7.51175
6.51175
8.92679
10.51175
8.18982
10.51175
10.51175
10.51175
8.18982
7.51175
10.51175
10.51175
10.51175
6.70440
10.51175
10.51175
10.51175
10.51175
7.05232
6.92679
10.51175
10.51175
10.51175
10.51175
10.51175
10.51175
10.51175
8.92679
8.92679
7.05232
8.51175
7.92679
7.34183
10.51175
10.51175
10.51175
8.18982
8.51175
10.51175
5.55756
8.92679
10.51175
10.51175
9.51175
7.05232
10.51175
9.51175
10.51175
10.51175
10.51175
10.51175
10.51175
10.51175
10.51175
10.51175
7.18982
8.92679
9.51175
7.70440
6.26383
10.51175
10.51175
10.51175
9.51175
8.92679
8.51175
8.92679
10.51175
9.51175
10.51175
10.51175
10.51175
10.51175
8.92679
10.51175
10.51175
9.51175
10.51175
10.51175
10.51175
10.51175
10.51175
10.51175
10.51175
9.51175
6.81131
8.18982
10.51175
7.70440
10.51175
10.51175
10.51175
10.51175
10.51175
10.51175
10.51175
10.51175
10.51175
10.51175
10.51175
10.51175
10.51175
8.51175
10.51175
10.51175
10.51175
10.51175
9.51175
10.51175
10.51175
10.51175
10.51175
10.51175
10.51175
10.51175
10.51175
10.51175
8.92679
8.51175
10.51175
10.51175
10.51175
10.51175
5.92679
10.51175
10.51175
8.51175
8.18982
8.92679
6.11944
9.51175
9.51175
10.51175
6.92679
10.51175
7.34183
10.51175
5.55756
9.51175
10.51175
9.51175
10.51175
10.51175
10.51175
10.51175
10.51175
9.51175
9.51175
10.51175
10.51175
9.51175
10.51175
10.51175
6.92679
9.51175
9.51175
8.92679
9.51175
10.51175
10.51175
10.51175
10.51175
10.51175
10.51175
10.51175
8.51175
8.92679
10.51175
9.51175
10.51175
10.51175
8.92679
10.51175
10.51175
10.51175
7.92679
10.51175
10.51175
10.51175
10.51175
10.51175
9.51175
1.06881
10.51175
10.51175
8.92679
10.51175
3.45647
8.18982
10.51175
10.51175
10.51175
8.51175
7.70440
8.92679
7.51175
10.51175
9.51175
9.51175
10.51175
10.51175
9.51175
7.05232
10.51175
8.92679
10.51175
8.18982
6.70440
8.92679
7.51175
9.51175
10.51175
9.51175
8.92679
8.92679
10.51175
7.92679
10.51175
9.51175
10.51175
10.51175
9.51175
10.51175
10.51175
8.51175
10.51175
8.92679
10.51175
8.51175
7.92679
10.51175
10.51175
10.51175
10.51175
10.51175
10.51175
10.51175
6.81131
9.51175
9.51175
10.51175
10.51175
9.51175
8.18982
8.18982
6.51175
10.51175
10.51175
9.51175
10.51175
10.51175
10.51175
10.51175
7.05232
10.51175
10.51175
9.51175
7.70440
7.70440
9.51175
10.51175
9.51175
10.51175
10.51175
8.51175
9.51175
10.51175
10.51175
10.51175
9.51175
10.51175
10.51175
9.51175
10.51175
8.92679
10.51175
10.51175
10.51175
10.51175
8.92679
10.51175
8.51175
7.05232
9.51175
8.18982
10.51175
10.51175
8.92679
10.51175
7.05232
8.51175
10.51175
10.51175
10.51175
10.51175
8.92679
8.92679
10.51175
7.92679
9.51175
10.51175
10.51175
10.51175
9.51175
10.51175
10.51175
10.51175
10.51175
9.51175
8.92679
10.51175
9.51175
9.51175
8.51175
7.70440
9.51175
10.51175
8.92679
9.51175
10.51175
8.92679
10.51175
10.51175
8.92679
10.51175
10.51175
8.18982
9.51175
10.51175
10.51175
9.51175
9.51175
9.51175
10.51175
10.51175
9.51175
10.51175
7.70440
7.51175
10.51175
10.51175
9.51175
8.51175
8.51175
7.51175
6.26383
10.51175
7.92679
10.51175
8.92679
8.92679
6.42429
8.51175
7.92679
8.92679
8.18982
9.51175
10.51175
10.51175
10.51175
9.51175
9.51175
10.51175
10.51175
6.26383
10.51175
10.51175
10.51175
8.51175
8.51175
6.70440
6.05232
9.51175
9.51175
10.51175
10.51175
10.51175
10.51175
9.51175
10.51175
10.51175
10.51175
10.51175
7.70440
10.51175
8.18982
10.51175
10.51175
9.51175
7.34183
6.11944
7.70440
7.34183
8.92679
10.51175
9.51175
10.51175
10.51175
10.51175
10.51175
8.18982
7.70440
10.51175
10.51175
9.51175
10.51175
9.51175
7.05232
10.51175
10.51175
10.51175
9.51175
10.51175
10.51175
9.51175
8.92679
10.51175
10.51175
9.51175
10.51175
10.51175
10.51175
10.51175
9.51175
10.51175
6.92679
7.51175
8.92679
9.51175
9.51175
10.51175
10.51175
10.51175
10.51175
8.51175
10.51175
10.51175
8.18982
10.51175
10.51175
8.51175
10.51175
10.51175
10.51175
8.92679
10.51175
7.70440
10.51175
10.51175
6.42429
9.51175
9.51175
10.51175
10.51175
8.92679
10.51175
8.18982
10.51175
8.92679
10.51175
8.51175
10.51175
7.05232
8.51175
8.92679
10.51175
10.51175
6.05232
10.51175
10.51175
10.51175
8.51175
10.51175
10.51175
6.05232
9.51175
10.51175
9.51175
10.51175
10.51175
9.51175
10.51175
8.51175
7.34183
4.34183
8.92679
10.51175
10.51175
10.51175
9.51175
8.18982
9.51175
10.51175
7.51175
10.51175
10.51175
3.52307
9.51175
8.18982
10.51175
10.51175
6.11944
7.92679
10.51175
8.92679
9.51175
10.51175
10.51175
9.51175
10.51175
10.51175
7.70440
10.51175
10.51175
7.18982
10.51175
9.51175
5.34183
10.51175
10.51175
8.92679
9.51175
9.51175
10.51175
9.51175
9.51175
10.51175
8.51175
10.51175
10.51175
10.51175
7.92679
10.51175
8.92679
3.98819
6.42429
4.11944
8.51175
6.26383
10.51175
9.51175
9.51175
9.51175
7.05232
5.65377
10.51175
10.51175
7.51175
6.05232
10.51175
8.92679
10.51175
10.51175
9.51175
7.92679
8.92679
6.18982
7.51175
10.51175
8.92679
7.92679
8.51175
9.51175
10.51175
10.51175
10.51175
7.34183
6.34183
5.38247
5.22635
10.51175
10.51175
8.92679
9.51175
10.51175
10.51175
9.51175
10.51175
10.51175
9.51175
9.51175
10.51175
10.51175
10.51175
10.51175
10.51175
10.51175
10.51175
10.51175
9.51175
8.18982
10.51175
8.51175
10.51175
10.51175
10.51175
8.51175
10.51175
10.51175
10.51175
10.51175
10.51175
7.92679
8.92679
5.34183
10.51175
9.51175
8.92679
7.92679
10.51175
10.51175
9.51175
10.51175
10.51175
5.65377
10.51175
8.92679
9.51175
7.92679
9.51175
10.51175
10.51175
10.51175
7.18982
10.51175
8.51175
9.51175
9.51175
9.51175
10.51175
10.51175
10.51175
10.51175
10.51175
10.51175
10.51175
9.51175
8.92679
10.51175
10.51175
10.51175
8.51175
8.51175
8.92679
8.92679
10.51175
10.51175
7.05232
10.51175
9.51175
7.51175
7.18982
7.51175
7.70440
10.51175
10.51175
10.51175
10.51175
8.92679
10.51175
6.34183
10.51175
9.51175
9.51175
10.51175
10.51175
10.51175
8.51175
10.51175
5.60486
7.70440
10.51175
9.51175
10.51175
6.60486
5.11944
8.51175
5.65377
10.51175
10.51175
9.51175
10.51175
8.51175
10.51175
10.51175
10.51175
10.51175
9.51175
10.51175
10.51175
10.51175
10.51175
10.51175
10.51175
10.51175
10.51175
5.60486
10.51175
10.51175
9.51175
10.51175
9.51175
10.51175
10.51175
10.51175
9.51175
10.51175
10.51175
8.51175
10.51175
4.00396
9.51175
10.51175
4.11944
8.51175
10.51175
10.51175
9.51175
8.92679
8.92679
10.51175
10.51175
9.51175
10.51175
9.51175
10.51175
10.51175
5.34183
8.18982
7.51175
7.92679
10.51175
9.51175
5.65377
10.51175
10.51175
10.51175
7.05232
10.51175
9.51175
7.18982
10.51175
8.18982
8.92679
8.18982
6.26383
9.51175
10.51175
10.51175
10.51175
10.51175
1.43761
6.42429
9.51175
10.51175
9.51175
8.51175
7.92679
10.51175
5.18982
9.51175
10.51175
8.18982
10.51175
7.51175
10.51175
10.51175
10.51175
10.51175
9.51175
10.51175
10.51175
10.51175
8.92679
7.92679
7.92679
8.92679
10.51175
6.34183
6.51175
3.79751
10.51175
10.51175
7.92679
8.18982
9.51175
10.51175
9.51175
9.51175
8.51175
7.51175
10.51175
10.51175
10.51175
10.51175
10.51175
10.51175
8.18982
8.18982
8.92679
8.92679
10.51175
10.51175
8.92679
10.51175
7.51175
9.51175
8.92679
10.51175
10.51175
9.51175
10.51175
9.51175
10.51175
10.51175
10.51175
10.51175
9.51175
10.51175
10.51175
8.51175
10.51175
10.51175
10.51175
10.51175
9.51175
10.51175
7.34183
7.92679
10.51175
9.51175
5.18982
10.51175
10.51175
10.51175
9.51175
10.51175
7.70440
5.11944
7.70440
9.51175
5.26383
7.51175
8.18982
6.92679
8.18982
9.51175
9.51175
10.51175
10.51175
10.51175
8.92679
10.51175
10.51175
8.92679
8.51175
10.51175
7.92679
10.51175
10.51175
10.51175
10.51175
10.51175
10.51175
8.51175
10.51175
9.51175
9.51175
8.51175
10.51175
10.51175
10.51175
8.51175
10.51175
8.92679
10.51175
10.51175
9.51175
10.51175
9.51175
7.70440
10.51175
9.51175
10.51175
10.51175
9.51175
10.51175
10.51175
7.92679
6.26383
8.92679
9.51175
10.51175
7.92679
8.51175
7.34183
10.51175
10.51175
7.51175
10.51175
8.92679
10.51175
9.51175
8.51175
9.51175
8.92679
8.92679
10.51175
8.92679
1.00000
