0.23563
8.18982
10.51175
10.51175
10.51175
8.92679
10.51175
9.51175
8.51175
10.51175
10.51175
6.05232
5.65377
9.51175
9.51175
10.51175
10.51175
10.51175
10.51175
3.04415
10.51175
6.18982
10.51175
10.51175
8.51175
8.18982
7.51175
9.51175
10.51175
9.51175
10.51175
5.55756
8.18982
5.65377
10.51175
10.51175
9.51175
8.92679
4.42429
9.51175
10.51175
8.92679
10.51175
10.51175
10.51175
4.22635
10.51175
8.18982
10.51175
10.51175
8.92679
10.51175
10.51175
10.51175
7.34183
10.51175
7.92679
6.60486
5.86790
9.51175
4.75687
9.51175
9.51175
7.70440
7.18982
10.51175
9.51175
8.92679
10.51175
10.51175
10.51175
8.92679
8.92679
9.51175
10.51175
10.51175
10.51175
10.51175
10.51175
10.51175
7.51175
6.92679
9.51175
7.92679
9.51175
9.51175
8.51175
5.01990
7.34183
4.89704
10.51175
8.51175
7.92679
7.70440
9.51175
10.51175
10.51175
9.51175
10.51175
7.70440
10.51175
8.18982
9.51175
7.18982
7.18982
7.70440
10.51175
9.51175
7.18982
6.34183
8.18982
8.51175
10.51175
7.92679
10.51175
9.51175
10.51175
9.51175
10.51175
9.51175
10.51175
10.51175
10.51175
8.18982
7.51175
8.92679
7.51175
5.86790
6.26383
10.51175
7.70440
8.92679
6.60486
10.51175
8.18982
5.81131
7.34183
6.18982
8.51175
10.51175
10.51175
10.51175
4.42429
5.38247
7.51175
4.95716
10.51175
6.51175
10.51175
10.51175
8.92679
6.81131
9.51175
8.92679
10.51175
9.51175
8.18982
8.51175
10.51175
10.51175
10.51175
10.51175
7.05232
6.92679
7.34183
4.89704
5.81131
10.51175
10.51175
8.51175
6.92679
8.18982
8.92679
8.92679
10.51175
8.92679
5.60486
6.51175
9.51175
10.51175
10.51175
9.51175
10.51175
10.51175
9.51175
9.51175
10.51175
10.51175
10.51175
9.51175
10.51175
5.98819
6.81131
7.92679
6.18982
9.51175
10.51175
10.51175
10.51175
9.51175
9.51175
10.51175
7.70440
6.51175
7.70440
7.51175
10.51175
8.18982
10.51175
10.51175
6.42429
5.92679
8.18982
5.98819
8.51175
7.18982
9.51175
5.75687
8.18982
10.51175
8.92679
8.92679
10.51175
10.51175
10.51175
8.18982
9.51175
9.51175
9.51175
10.51175
10.51175
10.51175
9.51175
8.92679
8.51175
6.05232
7.51175
7.05232
10.51175
7.92679
10.51175
10.51175
10.51175
10.51175
10.51175
9.51175
7.92679
9.51175
10.51175
9.51175
10.51175
9.51175
4.78383
10.51175
10.51175
7.05232
6.05232
10.51175
10.51175
6.05232
6.34183
7.92679
8.92679
10.51175
8.51175
10.51175
8.18982
9.51175
9.51175
10.51175
9.51175
6.34183
7.34183
8.18982
6.81131
10.51175
9.51175
8.92679
5.65377
7.70440
6.92679
5.92679
6.92679
10.51175
6.51175
10.51175
9.51175
10.51175
10.51175
10.51175
10.51175
8.92679
8.18982
10.51175
10.51175
9.51175
10.51175
10.51175
10.51175
10.51175
7.70440
7.92679
10.51175
10.51175
10.51175
9.51175
8.18982
10.51175
10.51175
6.34183
8.51175
10.51175
7.51175
10.51175
10.51175
10.51175
10.51175
10.51175
2.40846
10.51175
10.51175
10.51175
10.51175
10.51175
10.51175
8.92679
9.51175
6.70440
9.51175
6.18982
8.51175
7.51175
6.26383
10.51175
4.98819
6.26383
5.70440
9.51175
8.92679
6.51175
9.51175
10.51175
5.55756
2.83933
8.51175
10.51175
9.51175
9.51175
10.51175
10.51175
10.51175
5.75687
10.51175
7.51175
10.51175
4.65377
10.51175
9.51175
9.51175
5.98819
6.81131
10.51175
10.51175
10.51175
8.92679
9.51175
8.92679
10.51175
10.51175
9.51175
8.18982
4.44566
8.92679
10.51175
10.51175
9.51175
10.51175
3.97259
8.92679
5.26383
10.51175
7.92679
10.51175
9.51175
10.51175
10.51175
1.16746
10.51175
10.51175
10.51175
8.18982
8.18982
10.51175
7.18982
5.86790
2.98037
8.51175
8.51175
9.51175
6.81131
10.51175
6.18982
4.78383
7.70440
6.70440
10.51175
10.51175
8.92679
0.09074
10.51175
10.51175
10.51175
7.51175
10.51175
10.51175
8.92679
10.51175
8.92679
10.51175
8.92679
10.51175
8.51175
8.92679
8.92679
5.60486
8.51175
10.51175
10.51175
10.51175
4.95716
10.51175
10.51175
6.18982
10.51175
8.18982
8.51175
5.98819
10.51175
10.51175
10.51175
10.51175
9.51175
10.51175
8.51175
9.51175
9.51175
9.51175
7.18982
10.51175
10.51175
10.51175
10.51175
10.51175
10.51175
3.54597
10.51175
7.92679
8.51175
9.51175
9.51175
9.51175
9.51175
10.51175
10.51175
9.51175
10.51175
10.51175
8.92679
5.98819
9.51175
8.92679
10.51175
5.65377
7.92679
9.51175
5.98819
7.92679
5.92679
8.18982
9.51175
10.51175
6.92679
6.34183
4.17190
5.38247
4.48938
8.18982
6.18982
6.51175
8.92679
9.51175
9.51175
8.92679
10.51175
9.51175
8.18982
8.92679
10.51175
10.51175
4.00396
10.51175
10.51175
8.18982
5.75687
10.51175
4.83933
8.92679
10.51175
7.70440
9.51175
9.51175
7.92679
8.92679
5.38247
9.51175
10.51175
10.51175
7.05232
8.51175
10.51175
10.51175
9.51175
7.70440
10.51175
10.51175
10.51175
9.51175
8.92679
10.51175
10.51175
8.92679
9.51175
10.51175
10.51175
0.80267
4.44566
4.40323
10.51175
8.18982
7.05232
10.51175
7.70440
10.51175
7.70440
7.34183
8.51175
8.92679
7.51175
10.51175
10.51175
10.51175
10.51175
8.18982
7.70440
7.18982
9.51175
10.51175
9.51175
6.92679
6.26383
7.92679
7.70440
8.18982
10.51175
10.51175
10.51175
8.51175
9.51175
10.51175
10.51175
9.51175
6.18982
10.51175
4.24497
4.36201
8.51175
10.51175
10.51175
10.51175
10.51175
10.51175
7.92679
10.51175
0.98232
8.51175
10.51175
8.18982
9.51175
10.51175
10.51175
10.51175
10.51175
10.51175
10.51175
9.51175
10.51175
9.51175
7.70440
6.26383
7.92679
6.60486
6.26383
4.17190
10.51175
10.51175
10.51175
10.51175
10.51175
9.51175
10.51175
8.51175
8.92679
10.51175
9.51175
9.51175
10.51175
7.70440
7.18982
6.92679
7.18982
7.70440
10.51175
7.92679
10.51175
6.51175
9.51175
7.51175
9.51175
8.51175
10.51175
8.51175
7.05232
6.92679
10.51175
10.51175
7.70440
8.51175
9.51175
5.01990
8.51175
4.83933
6.51175
9.51175
7.18982
6.26383
8.18982
7.51175
7.51175
6.42429
10.51175
10.51175
10.51175
10.51175
9.51175
10.51175
10.51175
8.92679
10.51175
2.09390
10.51175
10.51175
9.51175
9.51175
10.51175
10.51175
7.34183
9.51175
8.18982
10.51175
8.18982
10.51175
10.51175
9.51175
9.51175
10.51175
8.51175
10.51175
9.51175
4.32193
6.60486
7.34183
5.42429
10.51175
9.51175
4.48938
10.51175
9.51175
10.51175
7.51175
6.42429
10.51175
8.92679
10.51175
8.92679
9.51175
8.92679
8.92679
10.51175
10.51175
7.51175
8.92679
9.51175
8.51175
8.92679
10.51175
8.92679
10.51175
9.51175
10.51175
10.51175
7.92679
10.51175
10.51175
10.51175
3.91184
10.51175
10.51175
10.51175
8.18982
10.51175
8.92679
4.81131
7.92679
9.51175
10.51175
8.51175
10.51175
5.86790
4.17190
5.98819
9.51175
5.65377
9.51175
10.51175
10.51175
9.51175
10.51175
10.51175
8.18982
10.51175
6.34183
3.77029
8.92679
10.51175
10.51175
5.34183
10.51175
10.51175
10.51175
7.51175
8.51175
8.92679
8.92679
10.51175
10.51175
10.51175
10.51175
8.18982
5.98819
5.38247
8.18982
10.51175
10.51175
10.51175
5.92679
8.92679
10.51175
6.60486
10.51175
10.51175
9.51175
10.51175
5.65377
8.51175
10.51175
10.51175
10.51175
10.51175
10.51175
10.51175
9.51175
10.51175
10.51175
10.51175
10.51175
10.51175
10.51175
9.51175
10.51175
10.51175
9.51175
10.51175
9.51175
8.92679
10.51175
10.51175
10.51175
10.51175
9.51175
8.18982
4.46736
2.94951
10.51175
4.81131
3.58102
8.18982
10.51175
4.01990
7.51175
9.51175
10.51175
10.51175
9.51175
10.51175
10.51175
8.92679
1.10448
10.51175
10.51175
10.51175
10.51175
7.51175
9.51175
6.18982
4.00396
10.51175
4.70440
6.34183
6.26383
9.51175
10.51175
1.92679
10.51175
10.51175
5.01990
10.51175
6.34183
7.51175
10.51175
6.51175
7.92679
7.70440
7.18982
10.51175
5.51175
6.70440
9.51175
10.51175
10.51175
8.51175
7.34183
3.81131
8.92679
10.51175
8.18982
10.51175
6.26383
7.51175
8.18982
9.51175
10.51175
10.51175
7.92679
8.92679
9.51175
7.70440
10.51175
10.51175
10.51175
10.51175
8.18982
10.51175
10.51175
6.70440
10.51175
6.60486
10.51175
10.51175
10.51175
10.51175
10.51175
9.51175
10.51175
10.51175
7.92679
4.98819
10.51175
4.81131
2.61089
10.51175
9.51175
6.51175
10.51175
9.51175
10.51175
10.51175
8.92679
8.51175
3.73039
5.75687
10.51175
6.26383
5.42429
10.51175
10.51175
10.51175
10.51175
10.51175
8.18982
8.92679
10.51175
10.51175
10.51175
10.51175
10.51175
10.51175
10.51175
10.51175
10.51175
10.51175
8.51175
9.51175
8.92679
8.92679
8.92679
10.51175
9.51175
10.51175
6.18982
10.51175
7.34183
5.98819
10.51175
10.51175
10.51175
10.51175
8.92679
8.51175
10.51175
10.51175
10.51175
10.51175
10.51175
10.51175
9.51175
7.70440
8.92679
10.51175
8.51175
10.51175
10.51175
10.51175
10.51175
10.51175
9.51175
10.51175
10.51175
10.51175
10.51175
10.51175
9.51175
10.51175
10.51175
8.51175
9.51175
9.51175
10.51175
10.51175
10.51175
7.70440
10.51175
6.51175
10.51175
10.51175
9.51175
8.51175
8.51175
2.69157
10.51175
10.51175
9.51175
3.81131
8.92679
9.51175
7.51175
9.51175
10.51175
9.51175
10.51175
10.51175
10.51175
9.51175
8.92679
7.51175
10.51175
8.51175
8.51175
10.51175
9.51175
10.51175
3.14543
10.51175
10.51175
10.51175
9.51175
10.51175
7.92679
7.70440
10.51175
8.92679
8.51175
10.51175
10.51175
10.51175
9.51175
10.51175
10.51175
10.51175
10.51175
10.51175
5.86790
8.92679
10.51175
7.92679
7.34183
10.51175
10.51175
10.51175
10.51175
10.51175
8.51175
8.92679
9.51175
10.51175
8.92679
10.51175
9.51175
10.51175
10.51175
10.51175
10.51175
8.51175
9.51175
6.26383
5.42429
6.42429
7.92679
7.70440
10.51175
7.92679
9.51175
10.51175
5.75687
5.34183
10.51175
8.92679
8.92679
7.05232
8.51175
10.51175
9.51175
9.51175
10.51175
10.51175
8.92679
6.05232
9.51175
10.51175
9.51175
10.51175
8.18982
10.51175
10.51175
10.51175
10.51175
10.51175
10.51175
10.51175
6.34183
10.51175
10.51175
7.18982
7.18982
10.51175
7.70440
10.51175
6.05232
7.70440
7.34183
8.92679
10.51175
10.51175
8.51175
8.18982
9.51175
8.18982
10.51175
9.51175
8.92679
10.51175
10.51175
10.51175
5.81131
8.92679
2.55756
10.51175
7.92679
9.51175
1.07088
10.51175
10.51175
9.51175
5.86790
6.42429
10.51175
10.51175
9.51175
8.92679
10.51175
10.51175
9.51175
10.51175
8.18982
8.18982
8.51175
10.51175
7.92679
9.51175
10.51175
10.51175
9.51175
7.18982
6.60486
4.81131
9.51175
8.92679
10.51175
8.18982
7.70440
10.51175
10.51175
10.51175
10.51175
7.34183
10.51175
2.33683
8.18982
8.51175
10.51175
10.51175
10.51175
8.51175
10.51175
5.98819
8.51175
6.34183
6.70440
7.05232
10.51175
6.81131
10.51175
8.92679
10.51175
10.51175
10.51175
10.51175
10.51175
10.51175
8.51175
5.34183
10.51175
9.51175
6.05232
7.70440
7.34183
8.51175
7.05232
7.92679
10.51175
10.51175
10.51175
10.51175
9.51175
10.51175
10.51175
10.51175
10.51175
4.98819
10.51175
9.51175
7.70440
8.18982
9.51175
6.92679
4.95716
5.46736
9.51175
8.92679
10.51175
8.92679
4.89704
10.51175
10.51175
9.51175
4.62911
5.55756
6.34183
7.18982
6.05232
10.51175
10.51175
10.51175
10.51175
5.30230
10.51175
10.51175
7.34183
10.51175
10.51175
10.51175
8.92679
10.51175
10.51175
10.51175
7.05232
7.92679
7.18982
9.51175
8.92679
10.51175
10.51175
10.51175
8.51175
10.51175
10.51175
9.51175
8.92679
10.51175
9.51175
10.51175
9.51175
9.51175
6.81131
10.51175
5.08549
8.92679
5.18982
10.51175
5.55756
9.51175
7.70440
8.51175
7.70440
8.51175
10.51175
9.51175
5.75687
10.51175
4.17190
6.51175
10.51175
10.51175
10.51175
10.51175
10.51175
8.18982
8.18982
10.51175
8.51175
10.51175
10.51175
7.70440
7.70440
9.51175
10.51175
8.18982
9.51175
4.86790
7.34183
4.81131
6.18982
7.05232
7.18982
10.51175
10.51175
10.51175
5.30230
5.86790
5.86790
9.51175
10.51175
6.34183
4.30230
8.51175
10.51175
8.92679
6.60486
10.51175
8.51175
7.51175
10.51175
7.34183
7.18982
7.92679
10.51175
9.51175
8.92679
8.92679
10.51175
8.18982
7.51175
8.18982
10.51175
10.51175
10.51175
10.51175
10.51175
10.51175
10.51175
9.51175
4.17190
10.51175
9.51175
10.51175
7.92679
5.46736
6.60486
10.51175
10.51175
10.51175
8.51175
7.18982
8.51175
8.51175
10.51175
10.51175
10.51175
10.51175
10.51175
5.75687
8.18982
10.51175
8.51175
8.92679
7.34183
8.92679
5.98819
10.51175
10.51175
9.51175
10.51175
10.51175
10.51175
10.51175
9.51175
8.92679
8.51175
9.51175
10.51175
10.51175
10.51175
10.51175
10.51175
8.51175
10.51175
8.92679
5.42429
9.51175
10.51175
10.51175
7.51175
10.51175
4.67886
4.86790
9.51175
10.51175
5.30230
9.51175
8.18982
7.34183
9.51175
8.18982
9.51175
7.18982
10.51175
8.51175
9.51175
7.92679
10.51175
7.51175
7.92679
7.70440
10.51175
10.51175
10.51175
9.51175
9.51175
10.51175
10.51175
7.70440
10.51175
10.51175
9.51175
10.51175
9.51175
5.51175
10.51175
6.05232
9.51175
8.18982
3.97259
10.51175
6.18982
7.70440
6.34183
9.51175
9.51175
10.51175
8.51175
6.81131
9.51175
10.51175
10.51175
10.51175
10.51175
9.51175
5.75687
10.51175
10.51175
5.98819
10.51175
9.51175
10.51175
10.51175
8.92679
8.51175
10.51175
8.92679
10.51175
8.92679
10.51175
10.51175
8.51175
10.51175
9.51175
10.51175
10.51175
10.51175
6.81131
8.51175
6.11944
9.51175
8.92679
10.51175
8.51175
10.51175
10.51175
10.51175
8.51175
7.92679
9.51175
10.51175
7.92679
10.51175
7.34183
7.34183
10.51175
5.26383
10.51175
9.51175
10.51175
10.51175
10.51175
5.65377
10.51175
7.92679
6.18982
10.51175
6.51175
10.51175
10.51175
8.92679
10.51175
8.92679
10.51175
7.92679
9.51175
9.51175
10.51175
10.51175
10.51175
10.51175
10.51175
10.51175
10.51175
10.51175
10.51175
10.51175
8.92679
9.51175
8.18982
8.18982
9.51175
9.51175
10.51175
10.51175
9.51175
8.92679
7.18982
8.92679
5.70440
7.70440
3.67886
4.92679
8.51175
8.92679
10.51175
5.26383
7.18982
8.92679
10.51175
10.51175
10.51175
9.51175
8.92679
8.51175
10.51175
7.70440
10.51175
9.51175
10.51175
8.92679
8.18982
6.51175
7.18982
10.51175
10.51175
7.34183
6.60486
8.18982
6.05232
8.92679
10.51175
7.18982
9.51175
8.92679
10.51175
10.51175
10.51175
10.51175
8.18982
10.51175
10.51175
8.18982
7.34183
7.51175
10.51175
10.51175
7.92679
8.18982
10.51175
9.51175
10.51175
10.51175
8.18982
10.51175
5.70440
8.92679
10.51175
10.51175
10.51175
8.18982
5.15420
10.51175
6.92679
10.51175
10.51175
10.51175
7.92679
8.51175
8.51175
3.97259
5.81131
10.51175
6.92679
4.92679
8.18982
10.51175
10.51175
9.51175
9.51175
7.34183
8.92679
10.51175
7.05232
5.86790
8.18982
6.18982
4.95716
8.51175
6.51175
10.51175
5.51175
5.98819
10.51175
8.92679
10.51175
8.51175
8.92679
10.51175
10.51175
8.92679
10.51175
8.92679
8.92679
8.51175
8.92679
10.51175
10.51175
6.81131
8.92679
9.51175
6.81131
8.92679
10.51175
8.92679
10.51175
8.51175
7.92679
10.51175
9.51175
9.51175
5.30230
6.60486
6.34183
7.34183
10.51175
5.51175
8.51175
6.26383
8.18982
9.51175
7.05232
5.98819
8.51175
10.51175
7.92679
8.18982
6.60486
10.51175
6.05232
9.51175
10.51175
10.51175
10.51175
9.51175
5.38247
10.51175
8.51175
10.51175
8.51175
10.51175
7.05232
8.92679
8.18982
9.51175
10.51175
10.51175
10.51175
7.05232
7.70440
10.51175
9.51175
8.92679
8.92679
10.51175
2.99605
8.18982
10.51175
5.46736
10.51175
10.51175
5.26383
9.51175
7.70440
10.51175
10.51175
9.51175
9.51175
7.51175
8.51175
7.70440
9.51175
8.92679
8.18982
4.15420
7.51175
8.92679
4.42429
6.26383
9.51175
10.51175
8.92679
10.51175
5.18982
4.17190
5.60486
6.60486
8.18982
10.51175
8.18982
10.51175
7.34183
6.51175
7.34183
9.51175
6.70440
5.30230
10.51175
9.51175
10.51175
9.51175
8.51175
8.51175
10.51175
6.51175
8.92679
10.51175
8.51175
8.51175
10.51175
5.34183
10.51175
7.05232
5.05232
7.92679
10.51175
9.51175
5.86790
10.51175
10.51175
9.51175
10.51175
10.51175
8.51175
8.92679
10.51175
9.51175
10.51175
8.92679
10.51175
10.51175
8.92679
8.92679
8.92679
9.51175
10.51175
9.51175
9.51175
10.51175
10.51175
10.51175
10.51175
9.51175
8.92679
8.92679
10.51175
9.51175
9.51175
9.51175
5.60486
10.51175
10.51175
10.51175
9.51175
10.51175
9.51175
7.05232
9.51175
6.42429
10.51175
10.51175
8.92679
6.42429
7.70440
9.51175
9.51175
10.51175
10.51175
10.51175
8.51175
8.92679
9.51175
10.51175
8.92679
7.51175
7.05232
8.51175
6.81131
9.51175
10.51175
10.51175
10.51175
9.51175
10.51175
10.51175
10.51175
6.11944
5.51175
6.92679
5.38247
6.34183
3.91184
7.18982
6.11944
10.51175
7.70440
8.92679
6.51175
6.70440
8.18982
7.18982
6.51175
9.51175
10.51175
10.51175
10.51175
10.51175
6.70440
7.70440
9.51175
9.51175
8.92679
7.51175
9.51175
7.70440
10.51175
10.51175
9.51175
8.51175
7.92679
10.51175
6.60486
6.42429
8.51175
5.75687
8.92679
10.51175
9.51175
10.51175
7.05232
9.51175
10.51175
7.92679
8.51175
10.51175
10.51175
10.51175
9.51175
10.51175
8.18982
10.51175
7.51175
9.51175
6.92679
5.81131
6.51175
6.05232
10.51175
10.51175
6.60486
10.51175
9.51175
4.75687
8.92679
6.51175
10.51175
4.89704
10.51175
10.51175
10.51175
10.51175
10.51175
8.92679
8.51175
6.81131
7.92679
6.81131
6.11944
10.51175
10.51175
7.18982
8.51175
9.51175
10.51175
7.70440
10.51175
10.51175
9.51175
8.92679
7.05232
8.18982
10.51175
10.51175
7.18982
8.18982
8.92679
8.51175
6.34183
6.05232
9.51175
4.46736
6.26383
7.70440
8.18982
7.92679
9.51175
8.18982
10.51175
10.51175
8.51175
7.51175
10.51175
9.51175
5.70440
8.51175
8.51175
10.51175
10.51175
9.51175
10.51175
10.51175
9.51175
9.51175
10.51175
6.92679
10.51175
7.18982
7.70440
9.51175
10.51175
7.92679
9.51175
9.51175
8.51175
10.51175
8.92679
9.51175
10.51175
10.51175
6.26383
6.70440
7.51175
9.51175
10.51175
8.18982
10.51175
8.18982
8.92679
10.51175
7.05232
10.51175
9.51175
6.92679
8.18982
7.70440
10.51175
10.51175
6.34183
10.51175
10.51175
10.51175
10.51175
10.51175
9.51175
10.51175
7.70440
7.05232
8.92679
10.51175
7.51175
6.81131
10.51175
10.51175
9.51175
9.51175
10.51175
7.51175
8.92679
9.51175
8.18982
8.92679
10.51175
6.42429
7.70440
10.51175
8.92679
7.51175
9.51175
6.81131
8.92679
8.18982
9.51175
10.51175
10.51175
10.51175
10.51175
3.86790
9.51175
9.51175
8.92679
4.55756
10.51175
4.05232
6.42429
10.51175
10.51175
7.70440
9.51175
9.51175
10.51175
10.51175
9.51175
8.92679
9.51175
7.05232
9.51175
6.11944
5.60486
10.51175
8.18982
9.51175
9.51175
10.51175
7.70440
7.51175
10.51175
5.01990
6.34183
10.51175
6.51175
5.55756
10.51175
5.70440
7.05232
8.18982
10.51175
10.51175
10.51175
10.51175
10.51175
10.51175
10.51175
10.51175
7.05232
7.18982
5.92679
8.92679
6.92679
6.42429
6.42429
10.51175
10.51175
9.51175
10.51175
10.51175
9.51175
10.51175
10.51175
10.51175
10.51175
10.51175
10.51175
7.92679
10.51175
5.05232
6.26383
5.34183
7.70440
7.34183
8.51175
9.51175
8.18982
10.51175
9.51175
9.51175
10.51175
10.51175
6.70440
10.51175
10.51175
10.51175
10.51175
10.51175
9.51175
7.70440
10.51175
10.51175
9.51175
10.51175
8.51175
10.51175
10.51175
9.51175
10.51175
10.51175
8.92679
9.51175
7.05232
7.70440
10.51175
10.51175
8.92679
8.51175
7.34183
10.51175
10.51175
10.51175
10.51175
10.51175
10.51175
10.51175
9.51175
10.51175
8.18982
3.62911
5.55756
7.70440
7.70440
10.51175
10.51175
7.92679
8.51175
10.51175
10.51175
10.51175
9.51175
10.51175
8.51175
8.92679
10.51175
9.51175
10.51175
10.51175
8.92679
8.92679
9.51175
8.92679
10.51175
8.51175
10.51175
10.51175
10.51175
10.51175
5.65377
10.51175
10.51175
10.51175
10.51175
8.92679
8.92679
10.51175
9.51175
8.92679
10.51175
10.51175
10.51175
10.51175
2.30230
9.51175
9.51175
5.38247
9.51175
9.51175
9.51175
10.51175
6.05232
7.51175
10.51175
8.92679
8.18982
10.51175
8.92679
10.51175
8.92679
10.51175
10.51175
5.34183
5.86790
5.86790
6.81131
9.51175
10.51175
9.51175
8.92679
10.51175
10.51175
10.51175
10.51175
6.18982
6.42429
10.51175
8.92679
10.51175
9.51175
10.51175
10.51175
9.51175
10.51175
10.51175
7.51175
7.05232
10.51175
8.51175
6.81131
10.51175
5.08549
5.98819
10.51175
10.51175
10.51175
10.51175
10.51175
7.34183
10.51175
8.92679
10.51175
8.51175
8.51175
8.18982
10.51175
8.18982
9.51175
10.51175
10.51175
9.51175
10.51175
9.51175
9.51175
10.51175
8.92679
8.51175
8.92679
10.51175
10.51175
8.18982
10.51175
10.51175
10.51175
7.18982
10.51175
8.92679
10.51175
10.51175
10.51175
6.11944
4.60486
7.70440
7.05232
7.70440
9.51175
10.51175
5.65377
6.70440
8.51175
10.51175
10.51175
9.51175
10.51175
5.22635
8.51175
10.51175
10.51175
7.92679
10.51175
8.51175
10.51175
8.92679
9.51175
10.51175
8.92679
10.51175
10.51175
8.92679
9.51175
9.51175
10.51175
10.51175
10.51175
9.51175
10.51175
10.51175
8.18982
7.18982
10.51175
9.51175
10.51175
5.38247
10.51175
10.51175
5.55756
10.51175
10.51175
10.51175
8.92679
10.51175
10.51175
10.51175
10.51175
6.92679
6.51175
8.18982
9.51175
7.92679
10.51175
10.51175
9.51175
10.51175
9.51175
9.51175
10.51175
10.51175
8.92679
10.51175
10.51175
10.51175
5.34183
7.70440
6.18982
7.51175
7.70440
9.51175
10.51175
8.92679
7.05232
7.34183
6.60486
10.51175
10.51175
10.51175
10.51175
10.51175
10.51175
8.92679
10.51175
10.51175
10.51175
10.51175
10.51175
6.26383
9.51175
9.51175
10.51175
7.34183
5.05232
8.92679
8.18982
10.51175
10.51175
10.51175
10.51175
5.08549
3.17190
4.53447
6.34183
4.48938
6.42429
6.11944
7.34183
7.70440
9.51175
8.51175
10.51175
9.51175
4.06881
8.51175
10.51175
9.51175
9.51175
9.51175
4.11944
9.51175
7.05232
8.51175
8.51175
8.51175
6.60486
7.51175
7.51175
9.51175
8.92679
9.51175
9.51175
10.51175
7.18982
8.92679
9.51175
10.51175
10.51175
8.92679
8.92679
5.34183
4.92679
6.05232
10.51175
10.51175
10.51175
9.51175
8.92679
8.92679
10.51175
9.51175
10.51175
6.42429
10.51175
4.83933
5.98819
8.51175
5.81131
10.51175
10.51175
10.51175
10.51175
8.92679
5.18982
3.37220
10.51175
5.26383
3.09390
8.51175
5.08549
8.18982
10.51175
9.51175
7.18982
5.86790
10.51175
8.51175
7.34183
7.92679
10.51175
8.92679
5.75687
8.92679
10.51175
6.92679
10.51175
7.92679
8.18982
10.51175
8.51175
10.51175
10.51175
9.51175
9.51175
10.51175
10.51175
10.51175
10.51175
8.92679
10.51175
7.92679
5.92679
6.18982
10.51175
10.51175
6.92679
10.51175
6.34183
5.15420
3.48938
8.18982
10.51175
9.51175
10.51175
10.51175
8.51175
8.92679
7.70440
9.51175
5.55756
6.05232
6.70440
8.92679
8.51175
10.51175
7.34183
10.51175
10.51175
10.51175
10.51175
8.51175
8.92679
9.51175
8.18982
10.51175
10.51175
8.92679
10.51175
5.46736
6.26383
9.51175
7.05232
8.92679
9.51175
6.11944
8.18982
8.92679
9.51175
7.92679
10.51175
10.51175
10.51175
9.51175
7.18982
10.51175
9.51175
9.51175
10.51175
10.51175
10.51175
9.51175
10.51175
10.51175
10.51175
10.51175
9.51175
9.51175
10.51175
9.51175
8.92679
7.70440
5.81131
5.18982
9.51175
8.92679
10.51175
10.51175
10.51175
8.51175
6.60486
7.92679
8.18982
9.51175
7.70440
10.51175
8.92679
9.51175
8.51175
10.51175
10.51175
8.51175
10.51175
6.34183
3.15420
5.65377
7.18982
4.86790
6.70440
8.51175
9.51175
10.51175
10.51175
10.51175
10.51175
8.92679
10.51175
8.92679
10.51175
10.51175
10.51175
8.51175
10.51175
10.51175
6.92679
7.70440
9.51175
8.92679
10.51175
10.51175
10.51175
10.51175
10.51175
10.51175
10.51175
10.51175
10.51175
8.92679
8.18982
9.51175
7.92679
4.70440
10.51175
10.51175
10.51175
10.51175
10.51175
8.18982
10.51175
10.51175
9.51175
10.51175
8.51175
9.51175
7.92679
10.51175
10.51175
10.51175
6.70440
7.34183
10.51175
8.18982
10.51175
9.51175
10.51175
7.05232
9.51175
9.51175
8.92679
10.51175
10.51175
8.51175
8.92679
10.51175
7.92679
4.55756
6.81131
10.51175
10.51175
10.51175
10.51175
6.70440
8.51175
10.51175
8.92679
6.60486
9.51175
9.51175
6.70440
10.51175
8.51175
10.51175
10.51175
4.22635
10.51175
9.51175
10.51175
9.51175
3.50053
10.51175
10.51175
8.18982
7.92679
4.75687
7.92679
3.55756
10.51175
4.58102
10.51175
6.60486
8.51175
8.51175
7.70440
10.51175
10.51175
10.51175
9.51175
10.51175
10.51175
10.51175
5.81131
9.51175
10.51175
10.51175
10.51175
10.51175
10.51175
10.51175
10.51175
9.51175
10.51175
10.51175
10.51175
8.51175
10.51175
10.51175
8.92679
10.51175
7.18982
10.51175
9.51175
10.51175
10.51175
10.51175
7.05232
10.51175
10.51175
7.70440
10.51175
6.92679
8.92679
10.51175
9.51175
9.51175
9.51175
10.51175
9.51175
7.70440
10.51175
7.70440
10.51175
5.75687
7.51175
10.51175
9.51175
10.51175
9.51175
10.51175
9.51175
9.51175
9.51175
8.92679
8.92679
10.51175
10.51175
10.51175
9.51175
10.51175
10.51175
10.51175
6.34183
10.51175
10.51175
10.51175
10.51175
8.18982
9.51175
6.81131
10.51175
4.10236
10.51175
10.51175
10.51175
8.92679
9.51175
9.51175
10.51175
10.51175
10.51175
7.05232
10.51175
10.51175
8.92679
4.60486
3.22635
10.51175
10.51175
5.38247
10.51175
8.51175
5.81131
9.51175
6.81131
10.51175
7.51175
9.51175
6.70440
10.51175
8.92679
9.51175
10.51175
7.05232
10.51175
10.51175
10.51175
9.51175
9.51175
10.51175
5.05232
7.34183
7.51175
6.81131
8.92679
9.51175
7.92679
6.92679
9.51175
10.51175
9.51175
7.70440
7.05232
5.92679
7.70440
8.51175
8.51175
7.70440
8.18982
10.51175
8.92679
4.55756
5.98819
9.51175
8.18982
10.51175
5.01990
9.51175
8.92679
4.70440
7.05232
4.62911
6.11944
10.51175
10.51175
5.26383
5.46736
7.34183
4.78383
5.22635
10.51175
10.51175
10.51175
5.98819
8.51175
10.51175
9.51175
9.51175
4.55756
10.51175
10.51175
8.18982
8.18982
9.51175
8.92679
10.51175
8.51175
7.18982
10.51175
6.11944
9.51175
8.18982
9.51175
7.05232
10.51175
7.05232
5.30230
10.51175
10.51175
10.51175
8.92679
10.51175
9.51175
10.51175
9.51175
8.92679
8.51175
8.18982
10.51175
9.51175
10.51175
10.51175
10.51175
10.51175
7.92679
6.70440
10.51175
9.51175
10.51175
10.51175
8.92679
9.51175
10.51175
9.51175
10.51175
9.51175
10.51175
8.51175
7.05232
7.70440
10.51175
9.51175
8.18982
10.51175
9.51175
8.92679
10.51175
10.51175
9.51175
4.98819
7.70440
8.92679
10.51175
10.51175
5.70440
8.92679
7.92679
10.51175
5.60486
8.18982
7.34183
8.92679
8.51175
6.81131
7.92679
8.18982
9.51175
10.51175
10.51175
10.51175
10.51175
8.92679
10.51175
8.18982
8.92679
10.51175
10.51175
9.51175
7.18982
7.34183
8.51175
8.92679
10.51175
8.18982
5.34183
7.51175
10.51175
10.51175
10.51175
9.51175
10.51175
10.51175
9.51175
10.51175
8.18982
8.92679
7.51175
8.51175
6.60486
10.51175
10.51175
7.70440
5.38247
5.70440
10.51175
10.51175
8.51175
6.11944
8.92679
9.51175
10.51175
10.51175
10.51175
10.51175
10.51175
10.51175
10.51175
10.51175
9.51175
10.51175
10.51175
10.51175
9.51175
7.34183
6.34183
9.51175
10.51175
10.51175
8.51175
10.51175
10.51175
9.51175
10.51175
10.51175
10.51175
8.18982
10.51175
8.51175
9.51175
10.51175
10.51175
10.51175
8.18982
8.51175
8.51175
8.51175
8.51175
10.51175
10.51175
10.51175
9.51175
9.51175
10.51175
6.26383
6.81131
10.51175
7.92679
10.51175
10.51175
10.51175
5.55756
8.92679
9.51175
5.75687
10.51175
10.51175
9.51175
10.51175
10.51175
5.51175
8.18982
7.34183
9.51175
10.51175
10.51175
10.51175
10.51175
10.51175
8.18982
10.51175
10.51175
10.51175
10.51175
8.92679
10.51175
10.51175
6.51175
10.51175
6.81131
9.51175
10.51175
8.92679
7.70440
10.51175
10.51175
10.51175
5.55756
10.51175
9.51175
8.18982
6.51175
10.51175
7.92679
9.51175
10.51175
7.92679
7.51175
10.51175
10.51175
10.51175
9.51175
5.42429
10.51175
7.51175
7.51175
8.92679
5.70440
6.42429
10.51175
6.26383
4.81131
9.51175
6.70440
5.75687
8.51175
10.51175
10.51175
10.51175
6.51175
6.70440
6.92679
7.92679
9.51175
8.92679
5.42429
10.51175
10.51175
10.51175
9.51175
10.51175
9.51175
10.51175
10.51175
8.92679
8.18982
7.92679
10.51175
10.51175
9.51175
5.70440
5.51175
8.92679
6.70440
4.24497
7.92679
8.18982
9.51175
9.51175
10.51175
10.51175
4.05232
10.51175
8.92679
7.34183
9.51175
10.51175
6.92679
6.11944
5.01990
8.18982
8.18982
8.92679
10.51175
5.75687
10.51175
7.05232
10.51175
10.51175
6.92679
9.51175
8.18982
7.05232
10.51175
9.51175
9.51175
7.92679
8.92679
9.51175
8.92679
10.51175
5.75687
6.26383
4.58102
7.18982
7.92679
4.73039
4.81131
8.51175
10.51175
10.51175
8.92679
8.18982
9.51175
6.26383
7.70440
9.51175
7.70440
8.18982
9.51175
8.18982
6.70440
10.51175
9.51175
9.51175
9.51175
9.51175
8.51175
8.51175
8.92679
8.51175
8.18982
8.92679
10.51175
9.51175
8.51175
8.51175
10.51175
9.51175
9.51175
10.51175
7.92679
10.51175
7.51175
9.51175
10.51175
10.51175
10.51175
9.51175
10.51175
10.51175
7.70440
9.51175
7.92679
8.18982
9.51175
10.51175
10.51175
10.51175
5.92679
8.18982
7.34183
10.51175
4.92679
6.92679
10.51175
8.18982
6.42429
7.70440
8.92679
6.60486
9.51175
8.51175
10.51175
8.18982
5.38247
10.51175
10.51175
10.51175
7.51175
7.51175
8.51175
8.92679
8.92679
7.70440
4.83933
6.70440
7.18982
4.92679
4.70440
10.51175
7.51175
8.92679
10.51175
10.51175
9.51175
5.42429
7.70440
8.92679
6.81131
6.51175
6.70440
8.92679
8.51175
7.51175
7.70440
10.51175
9.51175
10.51175
10.51175
10.51175
10.51175
6.92679
7.34183
9.51175
8.92679
8.51175
8.18982
9.51175
8.18982
10.51175
7.18982
6.60486
6.60486
7.92679
8.92679
6.81131
7.51175
7.70440
10.51175
9.51175
9.51175
10.51175
8.92679
10.51175
10.51175
8.51175
10.51175
10.51175
9.51175
7.18982
5.60486
10.51175
7.70440
6.92679
9.51175
10.51175
7.34183
6.51175
8.92679
8.92679
6.92679
10.51175
9.51175
6.42429
8.92679
5.65377
8.18982
8.51175
9.51175
7.34183
8.92679
8.92679
8.92679
10.51175
9.51175
10.51175
8.92679
7.92679
10.51175
10.51175
10.51175
8.18982
8.51175
10.51175
7.05232
6.60486
9.51175
8.51175
8.18982
7.34183
10.51175
6.81131
9.51175
10.51175
9.51175
5.86790
7.70440
7.92679
8.92679
4.75687
10.51175
10.51175
5.65377
10.51175
10.51175
4.20797
9.51175
6.05232
7.92679
9.51175
5.98819
10.51175
7.92679
8.51175
8.51175
8.92679
6.11944
7.51175
8.92679
7.05232
8.92679
9.51175
8.51175
6.92679
10.51175
10.51175
8.92679
8.51175
8.18982
10.51175
6.70440
10.51175
8.51175
8.51175
4.81131
10.51175
10.51175
10.51175
10.51175
10.51175
9.51175
8.18982
10.51175
7.92679
8.51175
10.51175
9.51175
10.51175
10.51175
10.51175
7.92679
8.18982
10.51175
8.92679
8.51175
10.51175
9.51175
10.51175
5.92679
7.18982
7.05232
5.60486
9.51175
8.92679
6.92679
10.51175
10.51175
7.51175
6.81131
10.51175
6.60486
8.18982
10.51175
9.51175
10.51175
10.51175
9.51175
9.51175
9.51175
6.51175
10.51175
10.51175
10.51175
10.51175
10.51175
4.24497
7.92679
9.51175
10.51175
9.51175
8.51175
9.51175
3.42429
4.32193
10.51175
10.51175
6.81131
8.92679
8.51175
10.51175
7.34183
10.51175
10.51175
9.51175
7.70440
5.75687
4.36201
10.51175
5.30230
7.05232
7.70440
8.92679
9.51175
8.92679
8.18982
10.51175
9.51175
5.81131
5.60486
10.51175
7.70440
9.51175
4.78383
6.70440
5.01990
7.70440
9.51175
10.51175
10.51175
10.51175
9.51175
7.51175
10.51175
7.70440
10.51175
10.51175
7.18982
3.07712
10.51175
8.51175
8.92679
10.51175
10.51175
10.51175
10.51175
7.05232
10.51175
9.51175
4.86790
7.92679
10.51175
10.51175
10.51175
10.51175
10.51175
10.51175
10.51175
7.34183
7.18982
8.92679
9.51175
10.51175
9.51175
5.46736
8.51175
10.51175
10.51175
9.51175
10.51175
6.42429
6.92679
8.18982
9.51175
10.51175
10.51175
9.51175
10.51175
10.51175
6.18982
6.26383
4.78383
6.70440
9.51175
10.51175
10.51175
9.51175
8.51175
10.51175
0.51316
6.51175
8.18982
10.51175
7.34183
8.92679
10.51175
10.51175
10.51175
10.51175
10.51175
10.51175
10.51175
6.70440
9.51175
10.51175
10.51175
10.51175
10.51175
10.51175
10.51175
10.51175
10.51175
10.51175
10.51175
9.51175
10.51175
3.79751
5.05232
10.51175
8.51175
10.51175
7.92679
9.51175
5.55756
10.51175
6.70440
7.92679
10.51175
10.51175
6.42429
6.51175
9.51175
10.51175
10.51175
8.92679
4.98819
7.18982
8.18982
7.51175
7.34183
6.60486
8.18982
9.51175
6.42429
8.92679
7.18982
8.92679
10.51175
10.51175
9.51175
8.92679
10.51175
9.51175
7.34183
6.81131
9.51175
9.51175
10.51175
10.51175
10.51175
10.51175
4.03602
7.05232
10.51175
8.18982
10.51175
10.51175
4.48938
8.92679
7.92679
10.51175
8.51175
9.51175
10.51175
10.51175
8.92679
8.92679
10.51175
10.51175
7.05232
9.51175
10.51175
10.51175
5.75687
9.51175
10.51175
8.92679
9.51175
10.51175
10.51175
10.51175
10.51175
10.51175
5.98819
8.92679
9.51175
10.51175
10.51175
7.70440
7.34183
5.34183
7.70440
5.51175
8.92679
10.51175
10.51175
8.92679
9.51175
10.51175
10.51175
10.51175
10.51175
1.57806
8.92679
8.51175
10.51175
10.51175
10.51175
7.51175
10.51175
8.92679
10.51175
8.18982
10.51175
9.51175
9.51175
5.15420
8.92679
8.51175
10.51175
5.65377
10.51175
4.92679
7.05232
10.51175
10.51175
8.18982
5.05232
9.51175
5.18982
8.51175
9.51175
8.92679
10.51175
10.51175
7.18982
6.70440
10.51175
7.18982
8.51175
8.92679
10.51175
4.53447
10.51175
9.51175
7.34183
10.51175
8.92679
10.51175
10.51175
4.03602
10.51175
10.51175
7.92679
5.81131
7.05232
7.34183
9.51175
8.92679
9.51175
7.05232
9.51175
10.51175
10.51175
10.51175
10.51175
10.51175
7.34183
7.70440
6.70440
10.51175
10.51175
7.51175
10.51175
10.51175
10.51175
9.51175
10.51175
10.51175
3.08549
10.51175
7.92679
7.34183
8.51175
8.92679
6.81131
9.51175
9.51175
5.22635
10.51175
6.51175
5.70440
8.51175
8.18982
5.60486
8.18982
8.51175
7.51175
10.51175
10.51175
8.92679
10.51175
10.51175
10.51175
10.51175
8.18982
10.51175
10.51175
8.18982
10.51175
10.51175
9.51175
10.51175
10.51175
10.51175
8.92679
10.51175
8.18982
7.51175
9.51175
10.51175
8.51175
10.51175
10.51175
10.51175
10.51175
6.92679
10.51175
8.18982
10.51175
10.51175
10.51175
10.51175
10.51175
10.51175
10.51175
5.65377
3.21713
5.81131
6.92679
9.51175
9.51175
9.51175
10.51175
10.51175
10.51175
10.51175
6.70440
5.92679
6.42429
7.18982
10.51175
6.92679
10.51175
10.51175
10.51175
7.92679
5.05232
10.51175
10.51175
10.51175
9.51175
10.51175
10.51175
10.51175
8.92679
8.92679
5.05232
7.18982
8.92679
10.51175
8.92679
10.51175
10.51175
10.51175
10.51175
7.05232
5.81131
8.51175
10.51175
10.51175
7.92679
8.92679
8.92679
10.51175
10.51175
10.51175
7.51175
8.51175
9.51175
10.51175
7.92679
7.51175
8.18982
8.92679
7.70440
8.92679
10.51175
10.51175
4.53447
5.42429
6.26383
6.05232
10.51175
10.51175
9.51175
10.51175
7.70440
10.51175
10.51175
8.18982
10.51175
7.92679
8.92679
10.51175
4.36201
8.92679
8.92679
8.51175
4.55756
7.70440
5.15420
7.70440
7.70440
4.55756
9.51175
9.51175
9.51175
7.51175
5.60486
8.18982
7.70440
8.18982
9.51175
10.51175
8.92679
10.51175
9.51175
10.51175
7.34183
10.51175
10.51175
4.17190
9.51175
5.34183
10.51175
9.51175
10.51175
10.51175
10.51175
10.51175
10.51175
10.51175
9.51175
9.51175
10.51175
5.65377
7.70440
10.51175
10.51175
8.92679
7.05232
8.51175
10.51175
5.18982
9.51175
9.51175
10.51175
10.51175
9.51175
9.51175
9.51175
8.92679
10.51175
8.92679
10.51175
7.18982
10.51175
10.51175
8.51175
7.05232
10.51175
10.51175
10.51175
10.51175
10.51175
10.51175
10.51175
10.51175
10.51175
7.92679
9.51175
1.82876
9.51175
10.51175
10.51175
10.51175
1.73368
5.46736
10.51175
10.51175
4.36201
8.92679
7.34183
6.51175
10.51175
10.51175
8.51175
5.92679
10.51175
10.51175
8.51175
10.51175
8.92679
10.51175
10.51175
9.51175
7.05232
10.51175
8.51175
10.51175
10.51175
10.51175
10.51175
9.51175
8.92679
9.51175
6.18982
10.51175
10.51175
4.81131
10.51175
7.05232
10.51175
7.70440
8.51175
10.51175
6.60486
10.51175
10.51175
10.51175
8.51175
10.51175
4.46736
8.51175
10.51175
10.51175
10.51175
10.51175
10.51175
10.51175
10.51175
10.51175
9.51175
7.18982
10.51175
8.92679
8.18982
8.92679
4.75687
5.81131
7.34183
10.51175
10.51175
9.51175
5.18982
10.51175
9.51175
10.51175
10.51175
6.18982
7.70440
10.51175
10.51175
10.51175
10.51175
3.97259
10.51175
9.51175
7.92679
9.51175
5.86790
10.51175
10.51175
4.95716
10.51175
10.51175
9.51175
10.51175
8.92679
7.18982
10.51175
8.51175
6.60486
7.51175
10.51175
10.51175
10.51175
10.51175
10.51175
10.51175
10.51175
8.51175
10.51175
9.51175
10.51175
10.51175
10.51175
10.51175
10.51175
10.51175
10.51175
5.70440
6.42429
8.18982
8.92679
10.51175
10.51175
10.51175
10.51175
7.18982
9.51175
7.92679
8.92679
7.92679
8.18982
8.18982
8.51175
10.51175
9.51175
8.51175
10.51175
10.51175
7.92679
10.51175
3.78383
3.71734
10.51175
10.51175
10.51175
10.51175
8.92679
10.51175
10.51175
4.73039
8.92679
10.51175
8.18982
10.51175
8.92679
10.51175
10.51175
6.34183
7.92679
10.51175
10.51175
8.51175
10.51175
8.92679
8.18982
10.51175
10.51175
7.70440
6.26383
9.51175
8.18982
3.43494
10.51175
6.34183
10.51175
9.51175
10.51175
9.51175
8.92679
5.92679
8.18982
10.51175
9.51175
10.51175
9.51175
5.30230
7.70440
8.51175
7.05232
10.51175
5.30230
8.92679
10.51175
7.70440
5.70440
6.26383
8.92679
10.51175
10.51175
10.51175
3.52307
7.51175
9.51175
8.51175
8.18982
10.51175
10.51175
5.75687
9.51175
7.18982
10.51175
8.92679
9.51175
10.51175
10.51175
9.51175
8.18982
9.51175
10.51175
10.51175
10.51175
10.51175
10.51175
10.51175
9.51175
6.51175
6.11944
10.51175
8.51175
8.92679
8.18982
10.51175
8.51175
10.51175
10.51175
10.51175
10.51175
10.51175
10.51175
10.51175
6.18982
7.92679
10.51175
10.51175
10.51175
10.51175
5.46736
9.51175
10.51175
10.51175
10.51175
10.51175
10.51175
9.51175
10.51175
10.51175
10.51175
10.51175
7.70440
8.51175
6.51175
9.51175
6.70440
10.51175
8.18982
8.51175
5.38247
10.51175
7.70440
8.18982
7.51175
10.51175
10.51175
4.95716
3.62911
8.92679
10.51175
8.18982
9.51175
8.92679
10.51175
8.51175
10.51175
7.92679
10.51175
10.51175
10.51175
10.51175
9.51175
8.92679
10.51175
8.92679
9.51175
10.51175
5.34183
6.18982
6.05232
6.60486
8.51175
6.05232
10.51175
10.51175
0.19774
9.51175
10.51175
9.51175
9.51175
6.60486
8.92679
10.51175
10.51175
10.51175
10.51175
10.51175
10.51175
10.51175
8.18982
9.51175
9.51175
8.92679
10.51175
10.51175
10.51175
10.51175
10.51175
10.51175
8.51175
4.95716
4.60486
5.75687
4.75687
7.51175
9.51175
7.70440
10.51175
9.51175
10.51175
10.51175
10.51175
10.51175
10.51175
10.51175
8.51175
10.51175
10.51175
10.51175
8.92679
9.51175
10.51175
10.51175
9.51175
8.51175
8.51175
9.51175
10.51175
5.46736
5.55756
7.92679
5.18982
5.60486
10.51175
10.51175
10.51175
10.51175
10.51175
10.51175
6.42429
10.51175
10.51175
10.51175
9.51175
5.86790
7.92679
3.51175
10.51175
6.81131
6.92679
7.70440
5.01990
3.44566
10.51175
8.92679
10.51175
9.51175
4.83933
5.70440
6.51175
7.18982
8.18982
9.51175
8.51175
8.92679
6.70440
10.51175
7.92679
8.18982
8.92679
10.51175
4.36201
10.51175
10.51175
9.51175
6.11944
10.51175
10.51175
10.51175
10.51175
9.51175
10.51175
9.51175
4.98819
10.51175
10.51175
10.51175
10.51175
5.51175
10.51175
10.51175
8.92679
10.51175
8.92679
10.51175
7.51175
8.92679
9.51175
10.51175
8.51175
10.51175
10.51175
9.51175
10.51175
7.34183
10.51175
7.92679
10.51175
10.51175
10.51175
10.51175
8.51175
5.51175
7.51175
7.92679
8.18982
8.51175
10.51175
9.51175
6.11944
10.51175
7.70440
10.51175
1.28534
6.60486
10.51175
7.92679
10.51175
10.51175
7.92679
10.51175
10.51175
10.51175
8.18982
10.51175
10.51175
9.51175
10.51175
10.51175
8.92679
9.51175
10.51175
9.51175
6.26383
7.34183
8.92679
7.34183
10.51175
10.51175
10.51175
10.51175
10.51175
9.51175
8.51175
10.51175
10.51175
7.05232
8.18982
8.92679
10.51175
8.92679
10.51175
5.01990
8.51175
10.51175
10.51175
10.51175
10.51175
7.92679
5.98819
10.51175
10.51175
10.51175
10.51175
10.51175
8.92679
7.70440
7.70440
8.92679
9.51175
10.51175
9.51175
10.51175
9.51175
10.51175
10.51175
10.51175
10.51175
9.51175
10.51175
10.51175
8.51175
6.92679
10.51175
10.51175
6.51175
10.51175
10.51175
10.51175
10.51175
5.26383
8.51175
6.11944
6.92679
8.51175
4.92679
10.51175
6.60486
8.51175
8.18982
7.51175
10.51175
10.51175
10.51175
7.51175
7.70440
10.51175
10.51175
10.51175
9.51175
10.51175
7.92679
8.92679
6.42429
10.51175
7.05232
8.51175
10.51175
5.81131
7.92679
8.51175
10.51175
9.51175
4.67886
10.51175
8.92679
10.51175
9.51175
10.51175
10.51175
8.51175
8.51175
10.51175
7.34183
8.18982
7.92679
10.51175
5.65377
8.92679
5.86790
10.51175
9.51175
10.51175
10.51175
10.51175
9.51175
10.51175
10.51175
8.92679
10.51175
7.92679
4.24497
5.46736
7.05232
5.98819
6.92679
10.51175
9.51175
10.51175
9.51175
10.51175
10.51175
8.51175
10.51175
10.51175
7.51175
10.51175
10.51175
8.51175
7.92679
5.98819
8.92679
4.65377
9.51175
10.51175
8.92679
8.51175
10.51175
10.51175
8.18982
6.18982
8.51175
7.05232
9.51175
10.51175
10.51175
8.51175
10.51175
8.51175
8.51175
10.51175
7.92679
9.51175
9.51175
10.51175
10.51175
8.92679
10.51175
10.51175
10.51175
10.51175
10.51175
10.51175
9.51175
9.51175
7.70440
8.92679
10.51175
10.51175
8.92679
7.05232
10.51175
10.51175
10.51175
9.51175
10.51175
10.51175
2.96486
10.51175
9.51175
10.51175
10.51175
10.51175
10.51175
10.51175
10.51175
9.51175
9.51175
9.51175
10.51175
9.51175
8.51175
5.65377
9.51175
9.51175
5.98819
9.51175
7.34183
10.51175
10.51175
9.51175
8.92679
10.51175
8.92679
10.51175
10.51175
9.51175
10.51175
8.18982
8.92679
10.51175
10.51175
6.70440
8.51175
9.51175
7.34183
10.51175
6.60486
5.46736
9.51175
8.92679
4.81131
6.51175
9.51175
8.51175
7.34183
7.70440
10.51175
9.51175
10.51175
8.92679
8.92679
7.92679
5.15420
7.70440
6.81131
6.70440
9.51175
10.51175
10.51175
7.51175
10.51175
10.51175
10.51175
10.51175
10.51175
10.51175
7.34183
10.51175
10.51175
8.92679
10.51175
10.51175
10.51175
0.45918
10.51175
7.70440
9.51175
8.51175
10.51175
8.92679
8.51175
8.92679
10.51175
10.51175
8.92679
10.51175
10.51175
10.51175
9.51175
10.51175
10.51175
9.51175
10.51175
6.18982
7.92679
5.98819
10.51175
1.25436
10.51175
10.51175
6.34183
4.98819
8.92679
10.51175
2.23563
5.15420
9.51175
8.18982
9.51175
10.51175
10.51175
7.34183
10.51175
10.51175
10.51175
8.51175
7.05232
10.51175
9.51175
10.51175
10.51175
9.51175
10.51175
10.51175
10.51175
9.51175
10.51175
10.51175
7.18982
8.51175
10.51175
9.51175
10.51175
10.51175
10.51175
10.51175
7.51175
9.51175
10.51175
10.51175
4.22635
3.88240
10.51175
10.51175
10.51175
7.34183
6.81131
7.70440
7.51175
7.70440
9.51175
9.51175
10.51175
8.92679
10.51175
10.51175
10.51175
7.34183
10.51175
9.51175
6.70440
8.18982
10.51175
6.26383
9.51175
9.51175
8.18982
7.92679
9.51175
10.51175
10.51175
7.34183
10.51175
10.51175
10.51175
10.51175
10.51175
10.51175
10.51175
10.51175
10.51175
10.51175
6.34183
7.70440
10.51175
9.51175
10.51175
10.51175
10.51175
10.51175
7.92679
10.51175
10.51175
9.51175
5.75687
8.51175
10.51175
10.51175
7.05232
10.51175
6.42429
6.34183
10.51175
10.51175
10.51175
5.30230
10.51175
10.51175
9.51175
10.51175
5.46736
10.51175
10.51175
7.18982
10.51175
10.51175
10.51175
10.51175
10.51175
6.11944
9.51175
4.00396
8.18982
4.81131
8.51175
10.51175
10.51175
10.51175
10.51175
10.51175
8.51175
10.51175
7.92679
9.51175
6.60486
9.51175
10.51175
10.51175
10.51175
9.51175
8.92679
7.70440
6.26383
8.92679
5.98819
8.18982
9.51175
8.92679
8.18982
10.51175
10.51175
10.51175
9.51175
10.51175
10.51175
10.51175
3.81131
5.46736
10.51175
3.23563
5.65377
6.51175
7.70440
10.51175
10.51175
4.70440
8.18982
9.51175
10.51175
10.51175
5.70440
10.51175
7.51175
9.51175
5.51175
10.51175
10.51175
9.51175
8.51175
6.11944
8.18982
10.51175
10.51175
8.92679
10.51175
10.51175
9.51175
6.92679
5.98819
10.51175
10.51175
10.51175
8.18982
7.05232
6.81131
10.51175
8.92679
8.51175
6.34183
10.51175
10.51175
5.08549
8.18982
10.51175
9.51175
8.18982
8.92679
10.51175
9.51175
7.18982
5.92679
10.51175
10.51175
6.70440
7.51175
10.51175
10.51175
8.92679
10.51175
10.51175
10.51175
10.51175
10.51175
10.51175
9.51175
10.51175
6.70440
6.18982
10.51175
10.51175
8.92679
10.51175
4.46736
10.51175
10.51175
10.51175
7.70440
10.51175
7.92679
7.51175
10.51175
4.81131
5.92679
10.51175
9.51175
10.51175
10.51175
9.51175
10.51175
10.51175
8.51175
10.51175
10.51175
9.51175
10.51175
10.51175
4.75687
3.58102
4.95716
2.51175
1.67886
10.51175
10.51175
8.18982
10.51175
8.18982
10.51175
5.34183
6.34183
10.51175
10.51175
4.75687
5.81131
8.92679
10.51175
6.92679
8.92679
6.51175
5.26383
10.51175
10.51175
7.18982
10.51175
10.51175
10.51175
10.51175
4.24497
6.05232
10.51175
5.92679
10.51175
10.51175
6.60486
6.60486
9.51175
8.18982
10.51175
10.51175
9.51175
7.34183
6.60486
10.51175
9.51175
4.78383
6.51175
10.51175
9.51175
7.51175
8.51175
5.75687
10.51175
10.51175
9.51175
10.51175
2.85354
7.70440
4.81131
9.51175
10.51175
8.18982
7.18982
10.51175
10.51175
10.51175
10.51175
10.51175
7.18982
10.51175
7.51175
10.51175
5.42429
10.51175
10.51175
10.51175
7.70440
7.05232
8.18982
7.34183
9.51175
10.51175
9.51175
10.51175
8.92679
10.51175
6.18982
5.86790
8.51175
9.51175
8.51175
5.05232
6.51175
10.51175
6.51175
9.51175
7.34183
9.51175
10.51175
10.51175
10.51175
10.51175
9.51175
10.51175
9.51175
10.51175
10.51175
9.51175
7.18982
8.18982
8.51175
10.51175
8.92679
10.51175
10.51175
6.51175
7.18982
10.51175
10.51175
10.51175
10.51175
9.51175
10.51175
10.51175
10.51175
10.51175
9.51175
10.51175
10.51175
10.51175
9.51175
9.51175
10.51175
10.51175
10.51175
10.51175
10.51175
9.51175
6.81131
10.51175
10.51175
10.51175
4.01990
10.51175
6.51175
10.51175
10.51175
10.51175
2.80439
10.51175
10.51175
10.51175
9.51175
10.51175
6.70440
7.51175
9.51175
8.51175
8.51175
10.51175
4.73039
10.51175
5.98819
10.51175
10.51175
10.51175
7.70440
10.51175
7.70440
8.18982
10.51175
6.60486
3.50053
6.92679
10.51175
3.81131
10.51175
7.70440
5.65377
5.05232
10.51175
5.60486
8.51175
10.51175
10.51175
4.42429
10.51175
7.70440
7.70440
6.60486
8.18982
10.51175
9.51175
10.51175
9.51175
9.51175
8.51175
10.51175
8.18982
9.51175
7.05232
10.51175
10.51175
8.51175
6.18982
7.05232
5.38247
8.92679
8.92679
8.92679
10.51175
8.92679
8.18982
2.90442
10.51175
10.51175
8.92679
10.51175
7.70440
10.51175
5.86790
10.51175
7.92679
10.51175
8.18982
8.51175
7.92679
10.51175
7.92679
10.51175
10.51175
8.51175
10.51175
10.51175
10.51175
9.51175
10.51175
10.51175
10.51175
10.51175
9.51175
10.51175
10.51175
6.81131
8.51175
9.51175
8.18982
9.51175
6.60486
9.51175
10.51175
10.51175
8.51175
8.18982
8.18982
7.05232
10.51175
4.44566
4.67886
10.51175
5.11944
8.51175
8.92679
8.51175
6.70440
10.51175
7.70440
6.26383
7.05232
10.51175
10.51175
10.51175
9.51175
10.51175
8.51175
10.51175
8.92679
10.51175
10.51175
6.92679
10.51175
2.98037
10.51175
10.51175
10.51175
10.51175
6.92679
10.51175
6.51175
5.51175
6.34183
10.51175
7.51175
4.03602
8.18982
9.51175
8.51175
4.46736
6.42429
6.34183
8.18982
4.70440
6.26383
7.18982
8.92679
8.92679
8.18982
7.51175
7.18982
9.51175
5.81131
10.51175
6.05232
10.51175
10.51175
8.18982
4.81131
10.51175
5.75687
10.51175
6.81131
10.51175
6.11944
6.26383
10.51175
9.51175
10.51175
5.70440
6.05232
7.92679
8.51175
10.51175
10.51175
7.05232
10.51175
5.08549
8.18982
10.51175
10.51175
8.51175
8.92679
9.51175
6.92679
6.51175
10.51175
7.92679
7.92679
7.34183
10.51175
10.51175
10.51175
8.18982
6.18982
9.51175
9.51175
10.51175
8.92679
7.34183
8.92679
8.92679
7.05232
8.18982
7.34183
9.51175
10.51175
10.51175
9.51175
10.51175
10.51175
10.51175
10.51175
10.51175
10.51175
10.51175
10.51175
10.51175
3.75687
10.51175
10.51175
7.05232
10.51175
7.92679
5.55756
3.18084
9.51175
10.51175
8.51175
10.51175
8.92679
10.51175
9.51175
7.92679
8.92679
10.51175
10.51175
10.51175
7.92679
6.70440
8.51175
7.18982
7.70440
9.51175
10.51175
10.51175
10.51175
10.51175
10.51175
10.51175
10.51175
10.51175
10.51175
10.51175
9.51175
9.51175
7.92679
10.51175
10.51175
10.51175
4.62911
10.51175
10.51175
10.51175
9.51175
10.51175
10.51175
10.51175
7.51175
10.51175
10.51175
10.51175
6.81131
8.92679
10.51175
6.34183
10.51175
8.92679
10.51175
10.51175
9.51175
10.51175
10.51175
7.34183
9.51175
8.92679
7.92679
8.51175
10.51175
8.18982
6.42429
10.51175
10.51175
10.51175
8.51175
8.92679
10.51175
10.51175
10.51175
10.51175
8.51175
10.51175
10.51175
10.51175
10.51175
10.51175
10.51175
7.70440
8.92679
8.92679
9.51175
10.51175
8.92679
10.51175
10.51175
10.51175
10.51175
10.51175
10.51175
10.51175
9.51175
10.51175
10.51175
10.51175
9.51175
9.51175
10.51175
10.51175
10.51175
10.51175
8.92679
10.51175
8.18982
6.60486
4.36201
10.51175
9.51175
8.51175
5.11944
10.51175
5.46736
7.70440
7.34183
7.18982
7.51175
7.18982
10.51175
8.92679
10.51175
8.92679
10.51175
9.51175
10.51175
10.51175
8.18982
9.51175
8.92679
8.51175
10.51175
10.51175
7.05232
10.51175
10.51175
8.92679
8.92679
7.92679
10.51175
7.05232
10.51175
8.92679
6.81131
10.51175
10.51175
10.51175
10.51175
10.51175
10.51175
6.60486
7.70440
7.18982
10.51175
10.51175
10.51175
10.51175
2.14981
7.05232
10.51175
10.51175
10.51175
9.51175
10.51175
9.51175
2.67255
7.92679
8.51175
7.92679
7.34183
10.51175
10.51175
9.51175
8.92679
10.51175
10.51175
8.18982
9.51175
7.70440
8.92679
9.51175
9.51175
9.51175
7.70440
10.51175
10.51175
10.51175
10.51175
4.11944
7.51175
10.51175
10.51175
10.51175
10.51175
10.51175
10.51175
10.51175
10.51175
6.51175
10.51175
10.51175
10.51175
9.51175
10.51175
10.51175
10.51175
10.51175
10.51175
10.51175
9.51175
10.51175
8.92679
4.01990
10.51175
10.51175
7.51175
4.95716
7.34183
10.51175
10.51175
10.51175
10.51175
10.51175
6.70440
8.51175
10.51175
5.98819
10.51175
10.51175
6.18982
6.60486
10.51175
10.51175
7.51175
8.92679
9.51175
8.92679
8.92679
7.70440
3.61693
8.92679
8.51175
8.18982
10.51175
10.51175
5.15420
9.51175
4.20797
10.51175
10.51175
10.51175
7.70440
10.51175
9.51175
10.51175
6.51175
10.51175
10.51175
6.92679
4.34183
10.51175
9.51175
10.51175
6.92679
10.51175
10.51175
3.60486
5.08549
10.51175
3.60486
10.51175
7.18982
10.51175
8.51175
8.51175
9.51175
10.51175
10.51175
8.92679
10.51175
10.51175
9.51175
8.92679
10.51175
9.51175
10.51175
7.18982
10.51175
10.51175
10.51175
10.51175
10.51175
10.51175
10.51175
8.92679
10.51175
10.51175
5.08549
8.18982
5.92679
9.51175
10.51175
10.51175
10.51175
10.51175
10.51175
10.51175
6.60486
7.05232
2.69797
10.51175
10.51175
10.51175
7.70440
10.51175
8.18982
8.18982
10.51175
9.51175
9.51175
8.18982
6.60486
10.51175
10.51175
10.51175
9.51175
10.51175
10.51175
10.51175
8.51175
10.51175
10.51175
5.70440
10.51175
8.92679
8.92679
10.51175
10.51175
10.51175
8.51175
10.51175
8.51175
10.51175
3.46736
10.51175
8.18982
10.51175
9.51175
10.51175
7.51175
10.51175
7.70440
9.51175
5.65377
10.51175
10.51175
10.51175
9.51175
10.51175
10.51175
10.51175
7.70440
10.51175
10.51175
10.51175
10.51175
10.51175
10.51175
10.51175
10.51175
10.51175
10.51175
10.51175
10.51175
9.51175
10.51175
10.51175
9.51175
10.51175
10.51175
10.51175
10.51175
10.51175
10.51175
10.51175
10.51175
10.51175
10.51175
10.51175
10.51175
9.51175
9.51175
6.81131
10.51175
7.05232
10.51175
10.51175
8.18982
9.51175
8.18982
7.92679
10.51175
10.51175
1.98819
9.51175
8.18982
10.51175
5.98819
10.51175
10.51175
7.92679
6.92679
10.51175
6.81131
7.92679
8.92679
10.51175
9.51175
8.18982
8.92679
8.92679
10.51175
10.51175
9.51175
6.34183
7.18982
10.51175
8.92679
7.05232
9.51175
7.34183
8.92679
10.51175
3.71734
10.51175
10.51175
10.51175
9.51175
10.51175
8.51175
10.51175
7.70440
10.51175
10.51175
2.99605
10.51175
8.92679
5.81131
9.51175
7.70440
6.70440
10.51175
9.51175
10.51175
10.51175
7.92679
10.51175
10.51175
6.81131
10.51175
10.51175
4.98819
8.92679
5.46736
9.51175
6.81131
10.51175
9.51175
10.51175
10.51175
9.51175
9.51175
10.51175
10.51175
9.51175
7.70440
9.51175
10.51175
10.51175
8.18982
7.34183
10.51175
6.92679
8.92679
6.42429
10.51175
10.51175
10.51175
7.34183
10.51175
8.18982
8.51175
5.70440
10.51175
4.55756
7.92679
7.34183
8.18982
9.51175
8.18982
7.92679
10.51175
8.92679
9.51175
10.51175
10.51175
8.92679
10.51175
9.51175
6.70440
6.81131
7.51175
7.92679
7.70440
7.34183
8.18982
10.51175
7.70440
8.92679
10.51175
10.51175
10.51175
0.02291
6.92679
10.51175
6.26383
5.60486
8.51175
10.51175
7.05232
6.11944
8.51175
8.92679
7.92679
8.18982
9.51175
8.92679
10.51175
10.51175
10.51175
10.51175
4.62911
10.51175
7.51175
10.51175
6.60486
7.70440
9.51175
10.51175
8.18982
10.51175
0.98819
6.05232
2.14107
6.51175
8.51175
8.92679
2.81827
10.51175
10.51175
9.51175
7.51175
10.51175
10.51175
10.51175
9.51175
10.51175
10.51175
7.18982
7.34183
7.18982
5.30230
4.73039
5.51175
9.51175
4.38247
8.92679
9.51175
7.34183
10.51175
10.51175
9.51175
6.51175
7.18982
10.51175
10.51175
6.92679
8.18982
8.51175
10.51175
10.51175
9.51175
10.51175
6.42429
8.92679
9.51175
10.51175
8.92679
10.51175
9.51175
10.51175
7.34183
8.92679
9.51175
8.92679
1.73039
8.92679
10.51175
10.51175
10.51175
3.91184
7.34183
7.05232
8.92679
9.51175
10.51175
7.92679
7.70440
10.51175
8.92679
9.51175
7.34183
10.51175
10.51175
4.06881
5.70440
4.92679
8.18982
6.34183
10.51175
6.70440
10.51175
10.51175
10.51175
10.51175
7.34183
9.51175
6.11944
10.51175
7.51175
5.11944
7.34183
10.51175
10.51175
7.92679
10.51175
9.51175
10.51175
7.05232
10.51175
10.51175
10.51175
10.51175
8.18982
10.51175
2.41372
4.98819
7.18982
9.51175
10.51175
9.51175
3.85354
7.92679
3.33184
7.92679
8.51175
10.51175
10.51175
8.92679
6.42429
5.75687
7.51175
10.51175
10.51175
10.51175
10.51175
4.98819
8.51175
6.26383
8.92679
10.51175
10.51175
10.51175
3.59289
5.75687
8.92679
10.51175
7.70440
10.51175
10.51175
9.51175
9.51175
10.51175
10.51175
10.51175
7.34183
8.92679
10.51175
10.51175
10.51175
9.51175
8.51175
10.51175
10.51175
9.51175
10.51175
10.51175
10.51175
8.92679
10.51175
10.51175
10.51175
10.51175
10.51175
10.51175
6.81131
10.51175
9.51175
8.18982
10.51175
9.51175
4.81131
10.51175
10.51175
10.51175
10.51175
10.51175
7.34183
7.70440
10.51175
10.51175
8.51175
9.51175
10.51175
10.51175
7.51175
6.70440
10.51175
6.92679
10.51175
10.51175
8.92679
7.70440
10.51175
10.51175
9.51175
10.51175
9.51175
9.51175
10.51175
8.92679
10.51175
10.51175
10.51175
2.82525
4.08549
10.51175
10.51175
8.51175
10.51175
9.51175
9.51175
10.51175
8.51175
7.18982
10.51175
8.51175
10.51175
7.70440
10.51175
10.51175
6.18982
8.51175
10.51175
9.51175
9.51175
9.51175
8.92679
10.51175
10.51175
10.51175
7.70440
10.51175
10.51175
10.51175
10.51175
8.92679
10.51175
9.51175
10.51175
3.94190
9.51175
9.51175
7.92679
8.92679
7.92679
7.92679
8.18982
10.51175
7.34183
6.81131
9.51175
10.51175
10.51175
10.51175
9.51175
3.70440
4.98819
10.51175
7.70440
5.92679
8.92679
8.51175
10.51175
8.92679
9.51175
7.92679
10.51175
10.51175
8.51175
4.46736
7.51175
10.51175
7.34183
8.51175
10.51175
10.51175
10.51175
9.51175
10.51175
8.51175
10.51175
7.51175
5.30230
5.05232
10.51175
10.51175
10.51175
10.51175
10.51175
10.51175
7.92679
10.51175
9.51175
10.51175
9.51175
10.51175
9.51175
9.51175
10.51175
10.51175
8.92679
10.51175
10.51175
10.51175
10.51175
10.51175
10.51175
10.51175
10.51175
10.51175
10.51175
10.51175
10.51175
10.51175
10.51175
4.78383
5.01990
8.92679
8.92679
10.51175
5.86790
6.60486
9.51175
8.92679
9.51175
9.51175
9.51175
9.51175
10.51175
7.05232
3.94190
8.92679
6.18982
7.92679
9.51175
5.51175
10.51175
10.51175
10.51175
4.65377
10.51175
6.26383
8.18982
5.55756
7.51175
8.51175
10.51175
9.51175
8.18982
10.51175
10.51175
9.51175
6.42429
7.70440
8.51175
8.18982
10.51175
8.51175
10.51175
10.51175
10.51175
10.51175
10.51175
10.51175
10.51175
10.51175
9.51175
8.92679
10.51175
6.92679
5.65377
8.51175
10.51175
8.92679
9.51175
6.05232
6.05232
6.60486
9.51175
10.51175
10.51175
10.51175
8.18982
9.51175
8.51175
10.51175
7.18982
9.51175
10.51175
10.51175
10.51175
10.51175
10.51175
10.51175
10.51175
10.51175
10.51175
9.51175
10.51175
10.51175
7.34183
7.92679
10.51175
7.34183
6.70440
8.92679
9.51175
7.92679
10.51175
8.18982
9.51175
6.18982
10.51175
10.51175
10.51175
10.51175
10.51175
10.51175
10.51175
10.51175
8.51175
8.92679
8.51175
10.51175
10.51175
10.51175
10.51175
10.51175
7.18982
6.05232
10.51175
10.51175
5.15420
8.92679
8.92679
8.18982
10.51175
6.81131
5.38247
9.51175
9.51175
10.51175
10.51175
10.51175
10.51175
10.51175
10.51175
9.51175
6.81131
10.51175
8.92679
8.18982
9.51175
10.51175
10.51175
6.51175
10.51175
8.51175
10.51175
10.51175
10.51175
10.51175
9.51175
8.92679
9.51175
8.51175
5.75687
6.51175
10.51175
8.18982
10.51175
10.51175
8.92679
10.51175
9.51175
5.86790
9.51175
7.51175
10.51175
7.51175
4.70440
6.70440
9.51175
10.51175
10.51175
10.51175
10.51175
10.51175
9.51175
7.34183
7.51175
10.51175
9.51175
9.51175
10.51175
10.51175
10.51175
10.51175
10.51175
8.92679
10.51175
10.51175
9.51175
10.51175
10.51175
10.51175
10.51175
8.51175
10.51175
9.51175
10.51175
9.51175
4.40323
6.60486
9.51175
5.65377
9.51175
10.51175
10.51175
10.51175
10.51175
10.51175
10.51175
10.51175
6.51175
5.60486
7.05232
10.51175
10.51175
10.51175
7.92679
10.51175
10.51175
10.51175
9.51175
10.51175
10.51175
9.51175
8.92679
10.51175
10.51175
9.51175
10.51175
8.51175
9.51175
7.70440
9.51175
10.51175
10.51175
10.51175
7.51175
10.51175
6.11944
9.51175
10.51175
7.70440
8.51175
10.51175
9.51175
8.51175
9.51175
9.51175
6.51175
6.81131
6.51175
10.51175
10.51175
10.51175
7.92679
8.92679
7.70440
10.51175
6.34183
6.18982
3.41372
8.18982
6.60486
10.51175
10.51175
10.51175
8.92679
9.51175
10.51175
10.51175
10.51175
10.51175
10.51175
10.51175
10.51175
10.51175
9.51175
4.89704
8.92679
6.81131
10.51175
8.92679
8.92679
6.81131
10.51175
6.92679
10.51175
8.92679
10.51175
10.51175
9.51175
8.18982
4.36201
8.51175
8.51175
5.08549
9.51175
5.75687
7.51175
10.51175
10.51175
6.70440
7.70440
10.51175
10.51175
9.51175
9.51175
6.81131
10.51175
10.51175
8.18982
10.51175
8.51175
6.81131
7.70440
5.30230
10.51175
9.51175
10.51175
10.51175
10.51175
10.51175
8.92679
9.51175
10.51175
10.51175
10.51175
10.51175
10.51175
7.18982
8.92679
10.51175
10.51175
7.34183
8.92679
8.18982
8.18982
8.92679
10.51175
10.51175
8.51175
9.51175
10.51175
8.18982
7.70440
8.51175
8.18982
7.70440
8.18982
9.51175
10.51175
10.51175
10.51175
10.51175
5.86790
9.51175
8.92679
9.51175
10.51175
9.51175
5.60486
10.51175
7.05232
5.70440
10.51175
7.34183
10.51175
10.51175
8.18982
10.51175
10.51175
10.51175
10.51175
10.51175
9.51175
10.51175
10.51175
10.51175
10.51175
10.51175
10.51175
9.51175
7.92679
3.05232
6.60486
8.92679
3.92679
7.92679
8.18982
5.01990
8.51175
8.18982
9.51175
10.51175
10.51175
10.51175
8.18982
8.92679
10.51175
8.92679
8.92679
8.51175
7.51175
7.92679
9.51175
8.92679
10.51175
8.92679
10.51175
9.51175
10.51175
10.51175
10.51175
10.51175
10.51175
10.51175
8.18982
10.51175
8.51175
7.51175
10.51175
10.51175
10.51175
10.51175
9.51175
10.51175
9.51175
5.11944
6.11944
7.05232
8.92679
10.51175
10.51175
10.51175
10.51175
5.05232
5.22635
8.51175
8.92679
5.75687
8.92679
6.51175
4.73039
6.42429
5.18982
8.51175
10.51175
7.70440
10.51175
10.51175
9.51175
6.34183
8.51175
8.92679
7.92679
10.51175
10.51175
6.60486
10.51175
9.51175
8.92679
10.51175
7.70440
9.51175
6.11944
7.70440
5.98819
8.92679
10.51175
3.48938
10.51175
10.51175
2.81827
10.51175
8.51175
5.22635
4.55756
8.92679
10.51175
7.92679
10.51175
3.91184
7.18982
4.95716
4.18982
10.51175
10.51175
10.51175
10.51175
10.51175
5.51175
4.89704
7.92679
6.70440
7.34183
6.18982
5.01990
10.51175
6.92679
10.51175
6.34183
6.34183
10.51175
10.51175
5.81131
4.38247
10.51175
10.51175
10.51175
7.92679
7.51175
7.92679
8.92679
10.51175
5.98819
5.81131
7.18982
9.51175
8.92679
10.51175
9.51175
10.51175
10.51175
10.51175
10.51175
10.51175
10.51175
4.22635
8.51175
8.51175
8.92679
9.51175
8.51175
5.92679
4.15420
5.15420
7.51175
8.92679
8.51175
10.51175
10.51175
9.51175
10.51175
4.36201
9.51175
10.51175
5.86790
10.51175
9.51175
10.51175
10.51175
8.51175
10.51175
8.51175
10.51175
8.92679
7.70440
7.34183
9.51175
9.51175
9.51175
9.51175
9.51175
7.70440
10.51175
10.51175
10.51175
10.51175
10.51175
10.51175
9.51175
9.51175
10.51175
10.51175
10.51175
10.51175
6.42429
6.51175
5.51175
7.34183
10.51175
10.51175
5.92679
10.51175
10.51175
8.51175
7.18982
8.51175
8.18982
4.32193
7.92679
10.51175
8.92679
10.51175
7.92679
10.51175
10.51175
10.51175
10.51175
10.51175
8.92679
7.92679
10.51175
10.51175
10.51175
10.51175
10.51175
10.51175
10.51175
10.51175
8.92679
10.51175
10.51175
7.05232
6.60486
7.92679
10.51175
8.18982
3.69157
4.55756
4.58102
4.98819
10.51175
10.51175
9.51175
6.70440
10.51175
8.51175
9.51175
9.51175
10.51175
8.51175
10.51175
10.51175
10.51175
10.51175
6.34183
7.92679
5.81131
10.51175
4.51175
4.58102
4.51175
10.51175
10.51175
9.51175
8.18982
4.03602
8.51175
6.92679
10.51175
6.70440
10.51175
10.51175
7.70440
10.51175
8.51175
10.51175
8.51175
10.51175
10.51175
8.92679
8.92679
8.51175
7.92679
10.51175
9.51175
3.77029
10.51175
5.30230
10.51175
9.51175
7.92679
9.51175
10.51175
10.51175
10.51175
10.51175
10.51175
5.65377
9.51175
8.92679
10.51175
10.51175
10.51175
9.51175
10.51175
10.51175
10.51175
8.92679
10.51175
9.51175
8.92679
8.51175
10.51175
9.51175
7.92679
9.51175
8.92679
5.30230
9.51175
9.51175
9.51175
10.51175
9.51175
5.55756
8.18982
8.51175
6.60486
10.51175
10.51175
7.92679
9.51175
7.70440
10.51175
10.51175
10.51175
7.05232
6.18982
10.51175
8.51175
4.62911
9.51175
8.51175
10.51175
9.51175
5.65377
7.34183
4.42429
9.51175
8.92679
10.51175
7.92679
10.51175
10.51175
10.51175
6.26383
9.51175
9.51175
9.51175
10.51175
5.75687
9.51175
10.51175
7.92679
10.51175
8.92679
9.51175
8.18982
10.51175
10.51175
10.51175
10.51175
10.51175
8.18982
7.18982
9.51175
8.18982
9.51175
10.51175
10.51175
10.51175
8.92679
6.34183
10.51175
8.92679
8.92679
5.55756
8.92679
9.51175
7.70440
6.70440
7.51175
6.92679
9.51175
9.51175
5.18982
8.51175
5.51175
10.51175
10.51175
7.70440
10.51175
7.51175
10.51175
5.38247
8.51175
6.92679
4.32193
8.18982
9.51175
6.81131
10.51175
6.81131
7.92679
10.51175
10.51175
9.51175
7.92679
8.18982
8.92679
10.51175
7.92679
7.51175
7.34183
10.51175
8.51175
10.51175
10.51175
7.18982
6.92679
10.51175
10.51175
5.92679
5.30230
4.65377
5.08549
10.51175
6.11944
6.05232
9.51175
10.51175
8.18982
5.81131
10.51175
7.34183
9.51175
9.51175
8.92679
9.51175
8.92679
7.70440
9.51175
10.51175
10.51175
10.51175
7.70440
9.51175
10.51175
9.51175
10.51175
10.51175
10.51175
6.18982
6.60486
10.51175
7.18982
8.92679
5.86790
10.51175
10.51175
10.51175
10.51175
10.51175
5.05232
10.51175
10.51175
10.51175
7.70440
6.81131
5.55756
10.51175
8.51175
8.51175
4.44566
5.98819
8.92679
10.51175
10.51175
10.51175
10.51175
8.92679
10.51175
9.51175
10.51175
10.51175
9.51175
10.51175
10.51175
10.51175
5.65377
9.51175
6.81131
6.92679
10.51175
8.92679
10.51175
7.70440
10.51175
5.92679
7.18982
10.51175
8.92679
8.18982
10.51175
10.51175
9.51175
10.51175
10.51175
9.51175
10.51175
5.75687
5.92679
10.51175
7.34183
5.01990
10.51175
10.51175
10.51175
10.51175
10.51175
9.51175
10.51175
10.51175
10.51175
10.51175
9.51175
10.51175
9.51175
10.51175
10.51175
10.51175
6.70440
7.34183
8.18982
8.92679
6.70440
8.92679
8.18982
9.51175
9.51175
9.51175
7.18982
10.51175
10.51175
3.95716
10.51175
4.53447
8.18982
10.51175
10.51175
9.51175
7.34183
10.51175
8.92679
8.92679
8.92679
9.51175
9.51175
6.18982
6.81131
8.51175
8.51175
9.51175
10.51175
7.51175
9.51175
10.51175
9.51175
10.51175
10.51175
10.51175
10.51175
10.51175
6.18982
7.51175
6.26383
7.70440
10.51175
8.51175
6.81131
9.51175
8.18982
10.51175
10.51175
10.51175
8.18982
6.92679
8.18982
10.51175
6.81131
7.18982
10.51175
8.92679
10.51175
10.51175
10.51175
10.51175
10.51175
10.51175
10.51175
10.51175
10.51175
9.51175
8.92679
9.51175
9.51175
10.51175
6.70440
4.01990
8.51175
8.18982
5.38247
4.78383
8.18982
5.30230
4.92679
5.26383
5.05232
5.05232
10.51175
10.51175
10.51175
10.51175
10.51175
10.51175
4.55756
10.51175
10.51175
8.51175
4.40323
7.92679
6.81131
9.51175
10.51175
8.92679
10.51175
10.51175
10.51175
10.51175
10.51175
10.51175
9.51175
8.51175
9.51175
7.34183
8.92679
7.92679
7.05232
6.92679
8.92679
8.18982
10.51175
9.51175
10.51175
10.51175
9.51175
8.92679
10.51175
10.51175
10.51175
10.51175
6.81131
10.51175
10.51175
9.51175
9.51175
9.51175
10.51175
10.51175
10.51175
8.92679
10.51175
9.51175
10.51175
10.51175
10.51175
9.51175
10.51175
10.51175
10.51175
9.51175
8.92679
10.51175
8.92679
10.51175
9.51175
10.51175
7.92679
7.70440
8.92679
10.51175
9.51175
10.51175
9.51175
10.51175
10.51175
8.92679
10.51175
8.18982
10.51175
10.51175
4.06881
10.51175
4.92679
10.51175
6.81131
4.98819
10.51175
5.70440
6.34183
7.70440
6.42429
10.51175
9.51175
5.75687
6.70440
6.92679
9.51175
10.51175
10.51175
8.51175
10.51175
8.92679
8.92679
7.92679
9.51175
10.51175
10.51175
10.51175
10.51175
10.51175
9.51175
10.51175
5.75687
6.81131
9.51175
10.51175
8.92679
10.51175
5.22635
5.92679
5.05232
7.51175
4.70440
5.75687
8.51175
8.92679
10.51175
2.16302
10.51175
7.05232
5.86790
10.51175
10.51175
10.51175
10.51175
10.51175
10.51175
8.51175
10.51175
10.51175
10.51175
10.51175
10.51175
10.51175
8.92679
10.51175
8.51175
10.51175
8.18982
10.51175
8.92679
9.51175
8.92679
9.51175
6.70440
4.67886
10.51175
5.34183
10.51175
10.51175
7.70440
7.70440
7.70440
10.51175
9.51175
9.51175
9.51175
7.34183
8.51175
10.51175
6.18982
7.18982
7.70440
7.51175
7.05232
7.70440
9.51175
10.51175
9.51175
10.51175
9.51175
6.60486
9.51175
8.92679
9.51175
10.51175
8.51175
8.92679
4.73039
9.51175
6.51175
6.42429
2.75020
10.51175
8.92679
9.51175
10.51175
9.51175
10.51175
10.51175
10.51175
10.51175
10.51175
9.51175
2.53447
10.51175
6.81131
6.51175
10.51175
8.51175
8.18982
10.51175
10.51175
6.26383
8.18982
8.18982
8.51175
8.51175
7.05232
10.51175
7.51175
10.51175
10.51175
10.51175
8.92679
10.51175
10.51175
4.48938
5.75687
9.51175
8.92679
6.34183
7.92679
10.51175
9.51175
6.81131
10.51175
10.51175
7.51175
8.18982
9.51175
8.18982
10.51175
7.92679
8.18982
10.51175
10.51175
10.51175
9.51175
10.51175
9.51175
9.51175
10.51175
10.51175
10.51175
9.51175
6.81131
10.51175
8.92679
8.92679
8.92679
9.51175
8.92679
7.92679
8.92679
7.18982
9.51175
8.51175
10.51175
10.51175
6.81131
9.51175
9.51175
7.92679
8.92679
10.51175
10.51175
10.51175
10.51175
10.51175
10.51175
10.51175
8.92679
10.51175
10.51175
4.81131
6.92679
10.51175
10.51175
10.51175
10.51175
7.92679
10.51175
10.51175
8.92679
9.51175
8.92679
10.51175
10.51175
9.51175
10.51175
10.51175
10.51175
9.51175
9.51175
8.18982
8.92679
8.92679
9.51175
8.51175
10.51175
8.18982
9.51175
10.51175
9.51175
10.51175
10.51175
7.18982
4.89704
6.92679
8.92679
10.51175
10.51175
10.51175
8.18982
10.51175
2.27813
10.51175
10.51175
10.51175
10.51175
10.51175
10.51175
8.18982
10.51175
7.51175
10.51175
10.51175
10.51175
8.92679
8.92679
8.92679
9.51175
9.51175
9.51175
10.51175
4.20797
10.51175
5.22635
10.51175
6.70440
7.70440
10.51175
10.51175
10.51175
9.51175
10.51175
9.51175
8.92679
9.51175
6.34183
7.92679
6.92679
8.18982
10.51175
6.18982
7.92679
10.51175
10.51175
8.51175
8.51175
7.92679
10.51175
10.51175
6.34183
9.51175
8.51175
5.60486
8.51175
10.51175
8.92679
10.51175
8.51175
10.51175
7.34183
9.51175
10.51175
10.51175
9.51175
9.51175
8.92679
9.51175
7.92679
7.34183
7.70440
7.70440
10.51175
10.51175
8.18982
9.51175
7.70440
9.51175
10.51175
10.51175
5.81131
6.11944
10.51175
7.92679
7.05232
7.18982
7.51175
4.92679
5.60486
8.92679
2.69797
4.58102
2.86790
8.18982
5.46736
3.85354
10.51175
10.51175
5.38247
7.18982
9.51175
8.51175
8.51175
10.51175
10.51175
10.51175
10.51175
8.18982
10.51175
7.92679
7.92679
10.51175
10.51175
9.51175
10.51175
10.51175
8.51175
5.30230
10.51175
10.51175
10.51175
3.36201
7.92679
6.92679
7.18982
7.70440
4.92679
4.36201
10.51175
10.51175
10.51175
4.65377
10.51175
6.05232
8.51175
10.51175
9.51175
9.51175
10.51175
6.51175
10.51175
6.81131
8.51175
9.51175
8.51175
8.92679
10.51175
8.92679
6.11944
10.51175
9.51175
7.34183
9.51175
10.51175
7.92679
8.18982
5.81131
6.81131
10.51175
8.92679
5.26383
5.92679
9.51175
7.92679
7.92679
10.51175
9.51175
6.18982
10.51175
5.15420
6.11944
4.40323
9.51175
5.60486
10.51175
8.92679
10.51175
9.51175
5.98819
10.51175
10.51175
5.98819
9.51175
10.51175
7.92679
9.51175
10.51175
10.51175
10.51175
10.51175
10.51175
8.18982
8.51175
10.51175
10.51175
10.51175
10.51175
9.51175
10.51175
8.18982
10.51175
5.30230
10.51175
9.51175
10.51175
8.92679
7.92679
8.92679
6.81131
8.18982
6.81131
6.34183
7.34183
7.18982
7.92679
10.51175
7.05232
7.05232
8.18982
8.18982
10.51175
6.05232
5.30230
4.86790
6.42429
8.51175
10.51175
9.51175
5.11944
7.51175
6.81131
3.42429
3.38247
8.92679
6.60486
10.51175
7.92679
4.06881
10.51175
5.86790
7.05232
10.51175
5.98819
9.51175
9.51175
10.51175
10.51175
8.51175
3.91184
8.18982
10.51175
8.92679
10.51175
10.51175
10.51175
10.51175
6.34183
9.51175
8.18982
9.51175
8.51175
8.51175
10.51175
7.18982
7.34183
9.51175
9.51175
10.51175
10.51175
8.92679
9.51175
8.92679
10.51175
7.18982
8.51175
9.51175
7.92679
7.92679
10.51175
10.51175
8.92679
8.18982
9.51175
9.51175
8.92679
10.51175
10.51175
10.51175
10.51175
10.51175
10.51175
10.51175
10.51175
10.51175
5.75687
8.92679
9.51175
10.51175
8.51175
9.51175
8.92679
10.51175
3.47833
5.08549
6.60486
7.05232
4.55756
5.46736
6.92679
9.51175
9.51175
10.51175
8.92679
10.51175
10.51175
9.51175
8.92679
10.51175
10.51175
7.92679
10.51175
5.70440
4.36201
6.51175
10.51175
10.51175
7.92679
9.51175
10.51175
5.15420
6.81131
6.70440
8.18982
4.86790
10.51175
9.51175
10.51175
8.92679
10.51175
8.18982
9.51175
8.92679
9.51175
9.51175
6.60486
8.18982
10.51175
10.51175
9.51175
7.51175
9.51175
8.18982
7.51175
3.89704
10.51175
4.70440
10.51175
10.51175
10.51175
8.92679
8.92679
8.51175
5.22635
10.51175
10.51175
6.26383
5.60486
8.92679
9.51175
10.51175
8.18982
4.98819
10.51175
8.51175
8.18982
10.51175
10.51175
8.92679
9.51175
9.51175
10.51175
10.51175
10.51175
10.51175
8.92679
10.51175
7.34183
10.51175
10.51175
10.51175
10.51175
10.51175
10.51175
10.51175
10.51175
10.51175
8.51175
7.92679
10.51175
7.70440
10.51175
10.51175
8.51175
10.51175
9.51175
4.81131
7.18982
8.92679
7.70440
10.51175
10.51175
3.32193
10.51175
10.51175
10.51175
3.66626
10.51175
10.51175
10.51175
10.51175
7.18982
5.15420
9.51175
10.51175
10.51175
6.70440
10.51175
7.34183
6.51175
8.51175
10.51175
8.92679
7.92679
10.51175
10.51175
10.51175
10.51175
8.51175
10.51175
10.51175
7.92679
5.75687
5.65377
7.18982
7.51175
10.51175
6.81131
2.22173
10.51175
10.51175
8.18982
8.51175
10.51175
6.81131
10.51175
6.70440
6.81131
10.51175
7.34183
10.51175
6.70440
6.34183
9.51175
9.51175
6.92679
10.51175
7.18982
10.51175
10.51175
10.51175
5.08549
9.51175
4.67886
9.51175
10.51175
10.51175
10.51175
7.92679
10.51175
5.75687
10.51175
10.51175
8.51175
10.51175
8.92679
10.51175
9.51175
10.51175
10.51175
8.51175
10.51175
7.70440
10.51175
3.98819
6.51175
5.55756
9.51175
9.51175
8.18982
10.51175
5.92679
9.51175
9.51175
9.51175
7.05232
7.70440
4.28293
6.51175
7.05232
7.92679
7.92679
7.92679
7.18982
10.51175
8.92679
9.51175
10.51175
10.51175
10.51175
10.51175
8.51175
10.51175
9.51175
10.51175
8.51175
10.51175
10.51175
6.51175
10.51175
10.51175
10.51175
10.51175
8.92679
8.18982
10.51175
10.51175
6.81131
10.51175
10.51175
10.51175
8.51175
10.51175
7.70440
10.51175
10.51175
9.51175
6.81131
10.51175
10.51175
10.51175
10.51175
10.51175
10.51175
10.51175
7.05232
8.92679
10.51175
9.51175
10.51175
10.51175
9.51175
10.51175
10.51175
10.51175
10.51175
9.51175
10.51175
8.92679
7.92679
10.51175
10.51175
5.01990
9.51175
8.51175
5.98819
7.05232
9.51175
10.51175
10.51175
10.51175
8.51175
5.08549
7.34183
8.92679
7.34183
10.51175
5.55756
8.18982
10.51175
8.92679
9.51175
10.51175
10.51175
7.92679
8.18982
7.18982
10.51175
4.51175
5.86790
6.26383
6.81131
4.73039
9.51175
8.51175
8.92679
4.36201
7.18982
5.86790
10.51175
10.51175
5.70440
10.51175
10.51175
10.51175
10.51175
10.51175
7.51175
9.51175
10.51175
9.51175
10.51175
10.51175
10.51175
10.51175
8.92679
10.51175
8.51175
10.51175
5.86790
10.51175
10.51175
6.26383
10.51175
10.51175
10.51175
10.51175
5.51175
9.51175
10.51175
8.51175
10.51175
9.51175
9.51175
10.51175
7.05232
9.51175
10.51175
10.51175
9.51175
4.20797
7.51175
6.51175
9.51175
10.51175
8.51175
8.92679
8.51175
8.92679
8.51175
9.51175
8.51175
9.51175
10.51175
10.51175
6.92679
10.51175
7.05232
8.18982
10.51175
7.92679
9.51175
9.51175
7.92679
7.51175
8.51175
10.51175
10.51175
8.51175
7.92679
10.51175
8.51175
10.51175
8.18982
9.51175
7.92679
10.51175
10.51175
10.51175
6.70440
7.70440
6.60486
10.51175
10.51175
3.74357
6.51175
5.30230
10.51175
10.51175
6.05232
4.81131
5.11944
3.81131
2.62911
6.81131
9.51175
10.51175
7.70440
8.51175
9.51175
10.51175
10.51175
10.51175
9.51175
10.51175
10.51175
10.51175
10.51175
10.51175
10.51175
10.51175
9.51175
9.51175
10.51175
2.90442
8.51175
6.42429
9.51175
10.51175
10.51175
5.70440
10.51175
10.51175
8.18982
6.51175
10.51175
9.51175
10.51175
10.51175
10.51175
10.51175
7.51175
9.51175
7.92679
8.51175
10.51175
7.05232
7.18982
7.18982
8.92679
10.51175
10.51175
10.51175
7.70440
8.51175
6.34183
7.92679
10.51175
10.51175
7.92679
10.51175
7.51175
10.51175
9.51175
10.51175
10.51175
10.51175
8.18982
10.51175
7.70440
9.51175
10.51175
10.51175
8.92679
10.51175
10.51175
10.51175
8.18982
9.51175
9.51175
10.51175
5.92679
9.51175
6.70440
7.18982
7.70440
10.51175
2.51740
9.51175
10.51175
10.51175
10.51175
10.51175
6.70440
7.18982
5.42429
10.51175
4.48938
9.51175
8.92679
6.18982
10.51175
5.92679
10.51175
8.92679
5.86790
10.51175
7.51175
10.51175
7.70440
9.51175
10.51175
9.51175
8.18982
7.18982
7.51175
9.51175
6.34183
8.51175
8.51175
9.51175
8.92679
10.51175
9.51175
10.51175
10.51175
10.51175
10.51175
10.51175
10.51175
10.51175
8.51175
9.51175
10.51175
10.51175
10.51175
8.51175
10.51175
10.51175
7.05232
7.92679
9.51175
8.92679
7.05232
10.51175
10.51175
8.18982
10.51175
6.70440
7.51175
4.92679
6.60486
7.34183
9.51175
9.51175
8.51175
8.92679
10.51175
10.51175
10.51175
10.51175
8.51175
8.92679
9.51175
10.51175
10.51175
8.18982
8.92679
10.51175
10.51175
3.98819
7.34183
10.51175
10.51175
6.42429
8.18982
8.51175
9.51175
8.92679
10.51175
10.51175
10.51175
8.92679
10.51175
10.51175
10.51175
9.51175
10.51175
9.51175
7.92679
10.51175
8.51175
8.51175
10.51175
6.81131
9.51175
10.51175
10.51175
9.51175
10.51175
8.92679
10.51175
9.51175
10.51175
9.51175
8.92679
7.18982
9.51175
6.92679
8.18982
9.51175
8.92679
6.51175
10.51175
10.51175
7.70440
10.51175
10.51175
2.04008
5.51175
7.34183
10.51175
10.51175
2.64139
10.51175
7.18982
6.51175
6.18982
9.51175
7.70440
8.92679
10.51175
9.51175
10.51175
8.92679
8.92679
5.30230
4.95716
6.81131
6.51175
9.51175
10.51175
10.51175
8.18982
9.51175
10.51175
10.51175
10.51175
10.51175
10.51175
8.92679
10.51175
10.51175
6.05232
5.70440
10.51175
8.51175
10.51175
10.51175
5.30230
6.26383
10.51175
10.51175
10.51175
8.18982
9.51175
10.51175
10.51175
10.51175
8.92679
10.51175
9.51175
8.92679
7.70440
10.51175
8.92679
7.34183
6.34183
10.51175
8.18982
9.51175
9.51175
10.51175
10.51175
10.51175
3.70440
9.51175
8.51175
4.83933
3.69157
5.65377
10.51175
7.05232
7.34183
4.46736
10.51175
10.51175
8.92679
9.51175
10.51175
10.51175
10.51175
10.51175
10.51175
6.60486
10.51175
10.51175
8.51175
8.51175
10.51175
10.51175
10.51175
10.51175
10.51175
10.51175
6.26383
7.18982
7.51175
10.51175
7.51175
10.51175
7.92679
10.51175
10.51175
8.18982
9.51175
10.51175
10.51175
10.51175
4.60486
9.51175
7.05232
10.51175
8.92679
6.81131
10.51175
8.92679
6.26383
3.12805
10.51175
10.51175
10.51175
4.89704
5.86790
10.51175
6.26383
6.18982
10.51175
10.51175
4.28293
6.92679
7.92679
6.18982
7.70440
8.18982
9.51175
2.67886
9.51175
0.92117
0.02592
10.51175
2.14107
3.52307
9.51175
6.70440
10.51175
5.46736
4.15420
10.51175
7.51175
4.73039
8.92679
10.51175
6.51175
9.51175
3.78383
10.51175
3.04415
7.92679
4.46736
10.51175
10.51175
10.51175
10.51175
10.51175
10.51175
7.05232
10.51175
5.42429
1.77366
8.18982
7.92679
2.77029
7.18982
7.92679
6.81131
10.51175
10.51175
6.92679
9.51175
10.51175
5.46736
10.51175
9.51175
10.51175
10.51175
6.92679
0.79579
10.51175
10.51175
10.51175
7.51175
10.51175
7.70440
10.51175
3.08549
5.55756
5.98819
10.51175
8.51175
7.05232
8.92679
8.92679
10.51175
9.51175
10.51175
10.51175
10.51175
10.51175
3.58102
8.92679
10.51175
10.51175
10.51175
3.82525
10.51175
5.70440
9.51175
10.51175
10.51175
9.51175
4.58102
10.51175
10.51175
8.92679
8.51175
9.51175
2.95716
8.92679
7.92679
5.81131
10.51175
10.51175
10.51175
10.51175
10.51175
10.51175
4.40323
4.22635
10.51175
0.20114
10.51175
5.42429
4.92679
10.51175
8.51175
10.51175
10.51175
9.51175
9.51175
10.51175
5.70440
7.51175
5.70440
5.86790
7.51175
6.34183
10.51175
5.92679
7.70440
10.51175
10.51175
10.51175
10.51175
10.51175
4.53447
10.51175
10.51175
8.51175
8.18982
10.51175
8.92679
10.51175
10.51175
4.95716
6.42429
10.51175
10.51175
9.51175
10.51175
10.51175
7.92679
7.92679
9.51175
10.51175
10.51175
10.51175
10.51175
7.51175
10.51175
8.92679
5.01990
7.92679
9.51175
8.92679
7.34183
5.70440
10.51175
10.51175
7.92679
8.51175
10.51175
10.51175
5.92679
10.51175
10.51175
10.51175
8.18982
10.51175
10.51175
8.18982
8.51175
8.92679
10.51175
8.92679
9.51175
10.51175
10.51175
8.92679
8.92679
8.92679
9.51175
6.92679
9.51175
10.51175
9.51175
6.92679
8.92679
7.92679
9.51175
10.51175
10.51175
10.51175
10.51175
10.51175
10.51175
7.70440
6.51175
10.51175
7.92679
8.51175
6.26383
9.51175
8.51175
8.18982
8.18982
9.51175
10.51175
7.34183
6.70440
10.51175
10.51175
8.92679
10.51175
10.51175
10.51175
6.70440
10.51175
10.51175
10.51175
10.51175
10.51175
10.51175
10.51175
10.51175
9.51175
10.51175
10.51175
10.51175
10.51175
10.51175
10.51175
6.05232
10.51175
8.92679
9.51175
8.92679
10.51175
8.92679
6.60486
7.70440
10.51175
10.51175
8.92679
10.51175
10.51175
10.51175
10.51175
10.51175
10.51175
6.42429
8.92679
10.51175
8.92679
10.51175
10.51175
7.70440
8.18982
6.05232
8.51175
10.51175
10.51175
2.67886
10.51175
8.51175
10.51175
10.51175
4.53447
10.51175
4.10236
10.51175
8.92679
10.51175
10.51175
6.70440
8.92679
10.51175
10.51175
9.51175
10.51175
9.51175
8.92679
6.26383
10.51175
10.51175
9.51175
7.34183
9.51175
8.51175
10.51175
10.51175
10.51175
7.51175
7.92679
10.51175
9.51175
9.51175
10.51175
10.51175
8.92679
10.51175
10.51175
9.51175
9.51175
8.51175
9.51175
10.51175
10.51175
7.92679
10.51175
9.51175
9.51175
10.51175
10.51175
10.51175
10.51175
10.51175
10.51175
10.51175
8.92679
10.51175
10.51175
9.51175
10.51175
10.51175
9.51175
4.26383
10.51175
9.51175
10.51175
7.51175
10.51175
8.18982
9.51175
6.18982
9.51175
10.51175
10.51175
6.60486
8.92679
5.15420
10.51175
6.60486
8.92679
5.81131
9.51175
9.51175
9.51175
8.92679
8.92679
10.51175
10.51175
10.51175
10.51175
10.51175
8.92679
10.51175
10.51175
10.51175
9.51175
10.51175
9.51175
10.51175
8.51175
10.51175
9.51175
8.51175
9.51175
10.51175
10.51175
10.51175
8.92679
10.51175
8.92679
10.51175
9.51175
10.51175
9.51175
7.92679
10.51175
10.51175
10.51175
8.51175
8.18982
10.51175
8.51175
10.51175
10.51175
9.51175
9.51175
10.51175
10.51175
10.51175
7.05232
10.51175
6.18982
8.51175
9.51175
8.92679
5.92679
4.70440
10.51175
10.51175
6.70440
6.42429
10.51175
10.51175
9.51175
7.51175
10.51175
5.81131
3.53447
8.18982
8.51175
8.92679
9.51175
9.51175
8.92679
10.51175
10.51175
9.51175
10.51175
10.51175
10.51175
10.51175
9.51175
8.51175
10.51175
10.51175
10.51175
9.51175
10.51175
10.51175
10.51175
10.51175
10.51175
10.51175
8.51175
10.51175
10.51175
10.51175
10.51175
8.51175
10.51175
9.51175
9.51175
10.51175
10.51175
10.51175
10.51175
8.92679
10.51175
10.51175
10.51175
10.51175
6.42429
9.51175
10.51175
10.51175
10.51175
8.18982
10.51175
10.51175
10.51175
10.51175
4.01990
10.51175
8.51175
8.18982
9.51175
7.92679
10.51175
10.51175
10.51175
10.51175
4.44566
8.92679
10.51175
10.51175
7.70440
10.51175
8.92679
8.51175
9.51175
8.51175
10.51175
9.51175
10.51175
10.51175
5.11944
9.51175
10.51175
7.70440
6.11944
10.51175
2.16302
2.51175
4.32193
6.42429
9.51175
3.43494
3.60486
5.65377
3.59289
9.51175
6.70440
5.70440
10.51175
8.51175
5.86790
6.05232
8.18982
6.92679
8.51175
7.05232
10.51175
10.51175
7.92679
10.51175
10.51175
9.51175
10.51175
10.51175
10.51175
6.81131
10.51175
10.51175
9.51175
8.92679
6.60486
9.51175
5.98819
10.51175
4.51175
10.51175
5.75687
10.51175
10.51175
6.70440
5.92679
9.51175
10.51175
10.51175
7.51175
8.51175
10.51175
6.81131
7.34183
9.51175
9.51175
4.81131
3.45647
8.92679
6.92679
7.51175
7.34183
10.51175
10.51175
10.51175
10.51175
10.51175
10.51175
10.51175
10.51175
10.51175
10.51175
9.51175
10.51175
10.51175
8.18982
10.51175
9.51175
10.51175
10.51175
10.51175
10.51175
10.51175
10.51175
10.51175
10.51175
9.51175
7.70440
7.70440
8.18982
10.51175
10.51175
4.48938
9.51175
10.51175
10.51175
9.51175
6.70440
8.92679
7.70440
10.51175
10.51175
10.51175
8.51175
10.51175
8.18982
10.51175
4.75687
6.81131
10.51175
6.81131
8.92679
7.34183
9.51175
8.92679
9.51175
10.51175
10.51175
10.51175
10.51175
10.51175
8.18982
10.51175
10.51175
8.92679
9.51175
7.51175
8.92679
10.51175
9.51175
10.51175
8.92679
8.51175
10.51175
9.51175
9.51175
10.51175
9.51175
8.92679
8.18982
9.51175
7.92679
8.92679
8.92679
7.70440
5.42429
9.51175
10.51175
8.92679
10.51175
10.51175
9.51175
4.58102
6.26383
8.92679
9.51175
9.51175
10.51175
8.92679
10.51175
10.51175
10.51175
10.51175
10.51175
9.51175
10.51175
9.51175
10.51175
9.51175
9.51175
9.51175
10.51175
7.51175
7.92679
10.51175
10.51175
7.51175
6.81131
9.51175
10.51175
10.51175
9.51175
9.51175
10.51175
10.51175
2.13237
10.51175
7.92679
9.51175
10.51175
9.51175
10.51175
9.51175
10.51175
10.51175
4.00396
4.78383
10.51175
3.01990
9.51175
9.51175
10.51175
9.51175
7.70440
10.51175
10.51175
10.51175
10.51175
10.51175
10.51175
7.92679
6.92679
7.92679
8.51175
8.92679
10.51175
8.51175
7.18982
8.18982
8.18982
10.51175
9.51175
10.51175
8.18982
3.30230
9.51175
9.51175
10.51175
10.51175
2.51740
10.51175
10.51175
7.92679
7.51175
9.51175
10.51175
3.67886
6.81131
10.51175
3.52307
10.51175
4.95716
7.05232
7.92679
10.51175
9.51175
5.11944
1.19434
10.51175
4.51175
8.92679
9.51175
3.58102
5.05232
10.51175
8.92679
8.18982
5.38247
6.05232
5.55756
5.65377
10.51175
9.51175
10.51175
6.42429
6.92679
9.51175
10.51175
10.51175
10.51175
10.51175
2.62301
8.92679
8.18982
8.18982
10.51175
10.51175
10.51175
10.51175
10.51175
10.51175
9.51175
9.51175
8.92679
10.51175
7.18982
10.51175
9.51175
8.51175
10.51175
7.51175
1.08339
10.51175
10.51175
10.51175
10.51175
3.75687
4.42429
8.92679
7.92679
10.51175
10.51175
10.51175
8.18982
10.51175
10.51175
10.51175
4.55756
4.67886
2.89704
9.51175
10.51175
8.51175
8.18982
6.18982
5.05232
10.51175
9.51175
10.51175
6.11944
9.51175
10.51175
4.40323
10.51175
10.51175
10.51175
10.51175
9.51175
9.51175
7.70440
8.51175
8.92679
3.56924
10.51175
10.51175
7.51175
8.18982
8.51175
9.51175
6.42429
7.70440
4.92679
9.51175
10.51175
8.92679
10.51175
7.05232
9.51175
10.51175
10.51175
10.51175
7.92679
6.92679
10.51175
4.08549
3.20797
9.51175
5.30230
6.70440
8.51175
7.92679
7.34183
6.81131
7.51175
10.51175
8.18982
10.51175
10.51175
10.51175
10.51175
10.51175
10.51175
8.18982
10.51175
8.92679
7.05232
10.51175
10.51175
10.51175
10.51175
9.51175
1.00000
